 6330702  20231030  99.93 
 6294058  20231023  100.00 
 6294058  20231016  100.00 
 6294058  2023109  100.00 
 6279718  2023102  99.93 
 6157776  2023717  100.00 
 6151103  2023710  100.00 
 6134775  202373  100.00 
 6134775  2023626  100.00 
 6134775  2023626  100.00 
 6110226  2023619  100.00 
 6110226  2023619  100.00 
 6110226  2023619  100.00 
 6110226  2023619  100.00 
 6110226  2023619  100.00 
 6110226  2023612  100.00 
 6086277  202367  100.00 
 6086277  202365  100.00 
 6086277  202362  100.00 
 6086277  2023529  100.00 
 6062080  2023522  100.00 
 6062080  2023515  100.00 
 6033889  202358  100.00 
 6033889  202351  100.00 
 5993608  2023424  100.00 
 5993608  2023417  100.00 
 5993608  2023410  100.00 
 5976735  202343  100.00 
 5976735  2023327  100.00 
 5949553  2023320  100.00 
 5949553  2023313  100.00 
 5923131  202336  100.00 
 5923131  2023227  100.00 
 5909852  2023220  100.00 
 5891278  2023213  100.00 
 5877749  202326  100.00 
 5877749  2023130  100.00 
 5877749  2023130  99.93 
 5866370  2023123  100.00 
 5859128  2023116  100.00 
 5859128  2023116  99.93 
 5848225  202319  100.00 
 5841930  202312  99.99 
 5835898  20221226  99.93 
 5830848  20221220  100.00 
 5815705  20221219  99.93 
 5815705  20221212  100.00 
 5793291  2022127  99.93 
 5711309  20221024  64.51 
 5711309  20221017  64.51 
 5711309  20221010  64.51 
 5688144  2022103  64.19 
 5688144  2022926  64.19 
 5688144  2022921  64.19 
    2022912  98.66 
    202295  96.68 
    2022831  96.68 
    2022830  96.68 
 6330702  2023-10-30  99.93 
 6294058  2023-10-23  100.00 
 6294058  2023-10-16  100.00 
 6294058  2023-10-9  100.00 
 6279718  2023-10-2  99.93 
 6157776  2023-7-17  100.00 
 6151103  2023-7-10  100.00 
 6134775  2023-7-3  100.00 
 6134775  2023-6-26  100.00 
 6134775  2023-6-26  100.00 
 6110226  2023-6-19  100.00 
 6110226  2023-6-19  100.00 
 6110226  2023-6-19  100.00 
 6110226  2023-6-19  100.00 
 6110226  2023-6-19  100.00 
 6110226  2023-6-12  100.00 
 6086277  2023-6-7  100.00 
 6086277  2023-6-5  100.00 
 6086277  2023-6-2  100.00 
 6086277  2023-5-29  100.00 
 6062080  2023-5-22  100.00 
 6062080  2023-5-15  100.00 
 6033889  2023-5-8  100.00 
 6033889  2023-5-1  100.00 
 5993608  2023-4-24  100.00 
 5993608  2023-4-17  100.00 
 5993608  2023-4-10  100.00 
 5976735  2023-4-3  100.00 
 5976735  2023-3-27  100.00 
 5949553  2023-3-20  100.00 
 5949553  2023-3-13  100.00 
 5923131  2023-3-6  100.00 
 5923131  2023-2-27  100.00 
 5909852  2023-2-20  100.00 
 5891278  2023-2-13  100.00 
 5877749  2023-2-6  100.00 
 5877749  2023-1-30  100.00 
 5877749  2023-1-30  99.93 
 5866370  2023-1-23  100.00 
 5859128  2023-1-16  100.00 
 5859128  2023-1-16  99.93 
 5848225  2023-1-9  100.00 
 5841930  2023-1-2  99.99 
 5835898  2022-12-26  99.93 
 5830848  2022-12-20  100.00 
 5815705  2022-12-19  99.93 
 5815705  2022-12-12  100.00 
 5793291  2022-12-7  99.93 
 5711309  2022-10-24  64.51 
 5711309  2022-10-17  64.51 
 5711309  2022-10-10  64.51 
 5688144  2022-10-3  64.19 
 5688144  2022-9-26  64.19 
 5688144  2022-9-21  64.19 
    2022-9-12  98.66 
    2022-9-5  96.68 
    2022-8-31  96.68 
    2022-8-30  96.68 
 6330702  2023-10-30  99.93 
 6294058  2023-10-23  100.00 
 6294058  2023-10-16  100.00 
 6294058  2023-10-9  100.00 
 6279718  2023-10-2  99.93 
 6157776  2023-7-17  100.00 
 6151103  2023-7-10  100.00 
 6134775  2023-7-3  100.00 
 6134775  2023-6-26  100.00 
 6134775  2023-6-26  100.00 
 6110226  2023-6-19  100.00 
 6110226  2023-6-19  100.00 
 6110226  2023-6-19  100.00 
 6110226  2023-6-19  100.00 
 6110226  2023-6-19  100.00 
 6110226  2023-6-12  100.00 
 6086277  2023-6-7  100.00 
 6086277  2023-6-5  100.00 
 6086277  2023-6-2  100.00 
 6086277  2023-5-29  100.00 
 6062080  2023-5-22  100.00 
 6062080  2023-5-15  100.00 
 6033889  2023-5-8  100.00 
 6033889  2023-5-1  100.00 
 5993608  2023-4-24  100.00 
 5993608  2023-4-17  100.00 
 5993608  2023-4-10  100.00 
 5976735  2023-4-3  100.00 
 5976735  2023-3-27  100.00 
 5949553  2023-3-20  100.00 
 5949553  2023-3-13  100.00 
 5923131  2023-3-6  100.00 
 5923131  2023-2-27  100.00 
 5909852  2023-2-20  100.00 
 5891278  2023-2-13  100.00 
 5877749  2023-2-6  100.00 
 5877749  2023-1-30  100.00 
 5877749  2023-1-30  99.93 
 5866370  2023-1-23  100.00 
 5859128  2023-1-16  100.00 
 5859128  2023-1-16  99.93 
 5848225  2023-1-9  100.00 
 5841930  2023-1-2  99.99 
 5835898  2022-12-26  99.93 
 5830848  2022-12-20  100.00 
 5815705  2022-12-19  99.93 
 5815705  2022-12-12  100.00 
 5793291  2022-12-7  99.93 
 5711309  2022-10-24  64.51 
 5711309  2022-10-17  64.51 
 5711309  2022-10-10  64.51 
 5688144  2022-10-3  64.19 
 5688144  2022-9-26  64.19 
 5688144  2022-9-21  64.19 
    2022-9-12  98.66 
    2022-9-5  96.68 
    2022-8-31  96.68 
    2022-8-30  96.68 
 6330702  30102023  99.93 
 6294058  23102023  100.00 
 6294058  16102023  100.00 
 6294058  9102023  100.00 
 6279718  2102023  99.93 
 6157776  1772023  100.00 
 6151103  1072023  100.00 
 6134775  372023  100.00 
 6134775  2662023  100.00 
 6134775  2662023  100.00 
 6110226  1962023  100.00 
 6110226  1962023  100.00 
 6110226  1962023  100.00 
 6110226  1962023  100.00 
 6110226  1962023  100.00 
 6110226  1262023  100.00 
 6086277  762023  100.00 
 6086277  562023  100.00 
 6086277  262023  100.00 
 6086277  2952023  100.00 
 6062080  2252023  100.00 
 6062080  1552023  100.00 
 6033889  852023  100.00 
 6033889  152023  100.00 
 5993608  2442023  100.00 
 5993608  1742023  100.00 
 5993608  1042023  100.00 
 5976735  342023  100.00 
 5976735  2732023  100.00 
 5949553  2032023  100.00 
 5949553  1332023  100.00 
 5923131  632023  100.00 
 5923131  2722023  100.00 
 5909852  2022023  100.00 
 5891278  1322023  100.00 
 5877749  622023  100.00 
 5877749  3012023  100.00 
 5877749  3012023  99.93 
 5866370  2312023  100.00 
 5859128  1612023  100.00 
 5859128  1612023  99.93 
 5848225  912023  100.00 
 5841930  212023  99.99 
 5835898  26122022  99.93 
 5830848  20122022  100.00 
 5815705  19122022  99.93 
 5815705  12122022  100.00 
 5793291  7122022  99.93 
 5711309  24102022  64.51 
 5711309  17102022  64.51 
 5711309  10102022  64.51 
 5688144  3102022  64.19 
 5688144  2692022  64.19 
 5688144  2192022  64.19 
    1292022  98.66 
    592022  96.68 
    3182022  96.68 
    3082022  96.68 
 6330702  30102023  99.93 
 6294058  23102023  100.00 
 6294058  16102023  100.00 
 6294058  9102023  100.00 
 6279718  2102023  99.93 
 6157776  17072023  100.00 
 6151103  10072023  100.00 
 6134775  3072023  100.00 
 6134775  26062023  100.00 
 6134775  26062023  100.00 
 6110226  19062023  100.00 
 6110226  19062023  100.00 
 6110226  19062023  100.00 
 6110226  19062023  100.00 
 6110226  19062023  100.00 
 6110226  12062023  100.00 
 6086277  7062023  100.00 
 6086277  5062023  100.00 
 6086277  2062023  100.00 
 6086277  29052023  100.00 
 6062080  22052023  100.00 
 6062080  15052023  100.00 
 6033889  8052023  100.00 
 6033889  1052023  100.00 
 5993608  24042023  100.00 
 5993608  17042023  100.00 
 5993608  10042023  100.00 
 5976735  3042023  100.00 
 5976735  27032023  100.00 
 5949553  20032023  100.00 
 5949553  13032023  100.00 
 5923131  6032023  100.00 
 5923131  27022023  100.00 
 5909852  20022023  100.00 
 5891278  13022023  100.00 
 5877749  6022023  100.00 
 5877749  30012023  100.00 
 5877749  30012023  99.93 
 5866370  23012023  100.00 
 5859128  16012023  100.00 
 5859128  16012023  99.93 
 5848225  9012023  100.00 
 5841930  2012023  99.99 
 5835898  26122022  99.93 
 5830848  20122022  100.00 
 5815705  19122022  99.93 
 5815705  12122022  100.00 
 5793291  7122022  99.93 
 5711309  24102022  64.51 
 5711309  17102022  64.51 
 5711309  10102022  64.51 
 5688144  3102022  64.19 
 5688144  26092022  64.19 
 5688144  21092022  64.19 
    12092022  98.66 
    5092022  96.68 
    31082022  96.68 
    30082022  96.68 
 6330702  20231030  99.93 
 6294058  20231023  100.00 
 6294058  20231016  100.00 
 6294058  2023109  100.00 
 6279718  2023102  99.93 
 6157776  20230717  100.00 
 6151103  20230710  100.00 
 6134775  2023073  100.00 
 6134775  20230626  100.00 
 6134775  20230626  100.00 
 6110226  20230619  100.00 
 6110226  20230619  100.00 
 6110226  20230619  100.00 
 6110226  20230619  100.00 
 6110226  20230619  100.00 
 6110226  20230612  100.00 
 6086277  2023067  100.00 
 6086277  2023065  100.00 
 6086277  2023062  100.00 
 6086277  20230529  100.00 
 6062080  20230522  100.00 
 6062080  20230515  100.00 
 6033889  2023058  100.00 
 6033889  2023051  100.00 
 5993608  20230424  100.00 
 5993608  20230417  100.00 
 5993608  20230410  100.00 
 5976735  2023043  100.00 
 5976735  20230327  100.00 
 5949553  20230320  100.00 
 5949553  20230313  100.00 
 5923131  2023036  100.00 
 5923131  20230227  100.00 
 5909852  20230220  100.00 
 5891278  20230213  100.00 
 5877749  2023026  100.00 
 5877749  20230130  100.00 
 5877749  20230130  99.93 
 5866370  20230123  100.00 
 5859128  20230116  100.00 
 5859128  20230116  99.93 
 5848225  2023019  100.00 
 5841930  2023012  99.99 
 5835898  20221226  99.93 
 5830848  20221220  100.00 
 5815705  20221219  99.93 
 5815705  20221212  100.00 
 5793291  2022127  99.93 
 5711309  20221024  64.51 
 5711309  20221017  64.51 
 5711309  20221010  64.51 
 5688144  2022103  64.19 
 5688144  20220926  64.19 
 5688144  20220921  64.19 
    20220912  98.66 
    2022095  96.68 
    20220831  96.68 
    20220830  96.68 
 6330702  20231030  99.93 
 6294058  20231023  100.00 
 6294058  20231016  100.00 
 6294058  20231009  100.00 
 6279718  20231002  99.93 
 6157776  20230717  100.00 
 6151103  20230710  100.00 
 6134775  20230703  100.00 
 6134775  20230626  100.00 
 6134775  20230626  100.00 
 6110226  20230619  100.00 
 6110226  20230619  100.00 
 6110226  20230619  100.00 
 6110226  20230619  100.00 
 6110226  20230619  100.00 
 6110226  20230612  100.00 
 6086277  20230607  100.00 
 6086277  20230605  100.00 
 6086277  20230602  100.00 
 6086277  20230529  100.00 
 6062080  20230522  100.00 
 6062080  20230515  100.00 
 6033889  20230508  100.00 
 6033889  20230501  100.00 
 5993608  20230424  100.00 
 5993608  20230417  100.00 
 5993608  20230410  100.00 
 5976735  20230403  100.00 
 5976735  20230327  100.00 
 5949553  20230320  100.00 
 5949553  20230313  100.00 
 5923131  20230306  100.00 
 5923131  20230227  100.00 
 5909852  20230220  100.00 
 5891278  20230213  100.00 
 5877749  20230206  100.00 
 5877749  20230130  100.00 
 5877749  20230130  99.93 
 5866370  20230123  100.00 
 5859128  20230116  100.00 
 5859128  20230116  99.93 
 5848225  20230109  100.00 
 5841930  20230102  99.99 
 5835898  20221226  99.93 
 5830848  20221220  100.00 
 5815705  20221219  99.93 
 5815705  20221212  100.00 
 5793291  20221207  99.93 
 5711309  20221024  64.51 
 5711309  20221017  64.51 
 5711309  20221010  64.51 
 5688144  20221003  64.19 
 5688144  20220926  64.19 
 5688144  20220921  64.19 
    20220912  98.66 
    20220905  96.68 
    20220831  96.68 
    20220830  96.68 
 6330702  20231030  99.93 
 6294058  20231023  100.00 
 6294058  20231016  100.00 
 6294058  20231009  100.00 
 6279718  20231002  99.93 
 6157776  20230717  100.00 
 6151103  20230710  100.00 
 6134775  20230703  100.00 
 6134775  20230626  100.00 
 6134775  20230626  100.00 
 6110226  20230619  100.00 
 6110226  20230619  100.00 
 6110226  20230619  100.00 
 6110226  20230619  100.00 
 6110226  20230619  100.00 
 6110226  20230612  100.00 
 6086277  20230607  100.00 
 6086277  20230605  100.00 
 6086277  20230602  100.00 
 6086277  20230529  100.00 
 6062080  20230522  100.00 
 6062080  20230515  100.00 
 6033889  20230508  100.00 
 6033889  20230501  100.00 
 5993608  20230424  100.00 
 5993608  20230417  100.00 
 5993608  20230410  100.00 
 5976735  20230403  100.00 
 5976735  20230327  100.00 
 5949553  20230320  100.00 
 5949553  20230313  100.00 
 5923131  20230306  100.00 
 5923131  20230227  100.00 
 5909852  20230220  100.00 
 5891278  20230213  100.00 
 5877749  20230206  100.00 
 5877749  20230130  100.00 
 5877749  20230130  99.93 
 5866370  20230123  100.00 
 5859128  20230116  100.00 
 5859128  20230116  99.93 
 5848225  20230109  100.00 
 5841930  20230102  99.99 
 5835898  20221226  99.93 
 5830848  20221220  100.00 
 5815705  20221219  99.93 
 5815705  20221212  100.00 
 5793291  20221207  99.93 
 5711309  20221024  64.51 
 5711309  20221017  64.51 
 5711309  20221010  64.51 
 5688144  20221003  64.19 
 5688144  20220926  64.19 
 5688144  20220921  64.19 
    20220912  98.66 
    20220905  96.68 
    20220831  96.68 
    20220830  96.68 
