 6400224  20231218  99.97 
 6400224  20231211  99.97 
 6376585  20231204  99.97 
 6376585  20231127  99.97 
 6344821  20231120  99.97 
 6344821  20231113  99.97 
 6330702  20231106  92.83 
 6330702  20231030  92.83 
 6294058  20231023  99.96 
 6294058  20231016  99.96 
 6294058  20231009  99.96 
 6279718  20231002  92.83 
 6157776  20230717  99.96 
 6151103  20230710  99.96 
 6134775  20230703  99.96 
 6134775  20230626  99.96 
 6134775  20230626  99.96 
 6110226  20230619  99.96 
 6110226  20230619  99.96 
 6110226  20230619  99.96 
 6110226  20230619  99.96 
 6110226  20230619  99.96 
 6110226  20230612  99.96 
 6086277  20230607  99.96 
 6086277  20230605  99.96 
 6086277  20230602  99.96 
 6086277  20230529  99.96 
 6062080  20230522  99.96 
 6062080  20230515  99.96 
 6033889  20230508  99.96 
 6033889  20230501  99.96 
 5993608  20230424  99.96 
 5993608  20230417  99.96 
 5993608  20230410  99.96 
 5976735  20230403  99.96 
 5976735  20230327  99.96 
 5949553  20230320  99.96 
 5949553  20230313  99.96 
 5923131  20230306  99.96 
 5923131  20230227  99.96 
 5909852  20230220  99.96 
 5891278  20230213  99.96 
 5877749  20230206  99.96 
 5877749  20230130  99.96 
 5877749  20230130  92.79 
 5866370  20230123  99.96 
 5859128  20230116  99.96 
 5859128  20230116  92.76 
 5848225  20230109  99.95 
 5841930  20230102  96.11 
 5835898  20221226  92.75 
 5830848  20221220  99.94 
 5815705  20221219  92.69 
 5815705  20221212  99.93 
 5793291  20221207  92.54 
 5711309  20221024  32.70 
 5711309  20221017  32.70 
 5711309  20221010  32.70 
 5688144  20221003  31.05 
 5688144  20220926  31.05 
 5688144  20220921  31.05 
    20220912  91.94 
    20220905  91.75 
    20220831  91.75 
    20220830  91.75 
 6400224 20231218 99.97 
 6400224 20231211 99.97 
 6376585 20231204 99.97 
 6376585 20231127 99.97 
 6344821 20231120 99.97 
 6344821 20231113 99.97 
 6330702 20231106 92.83 
 6330702 20231030 92.83 
 6294058 20231023 99.96 
 6294058 20231016 99.96 
 6294058 20231009 99.96 
 6279718 20231002 92.83 
 6157776 20230717 99.96 
 6151103 20230710 99.96 
 6134775 20230703 99.96 
 6134775 20230626 99.96 
 6134775 20230626 99.96 
 6110226 20230619 99.96 
 6110226 20230619 99.96 
 6110226 20230619 99.96 
 6110226 20230619 99.96 
 6110226 20230619 99.96 
 6110226 20230612 99.96 
 6086277 20230607 99.96 
 6086277 20230605 99.96 
 6086277 20230602 99.96 
 6086277 20230529 99.96 
 6062080 20230522 99.96 
 6062080 20230515 99.96 
 6033889 20230508 99.96 
 6033889 20230501 99.96 
 5993608 20230424 99.96 
 5993608 20230417 99.96 
 5993608 20230410 99.96 
 5976735 20230403 99.96 
 5976735 20230327 99.96 
 5949553 20230320 99.96 
 5949553 20230313 99.96 
 5923131 20230306 99.96 
 5923131 20230227 99.96 
 5909852 20230220 99.96 
 5891278 20230213 99.96 
 5877749 20230206 99.96 
 5877749 20230130 99.96 
 5877749 20230130 92.79 
 5866370 20230123 99.96 
 5859128 20230116 99.96 
 5859128 20230116 92.76 
 5848225 20230109 99.95 
 5841930 20230102 96.11 
 5835898 20221226 92.75 
 5830848 20221220 99.94 
 5815705 20221219 92.69 
 5815705 20221212 99.93 
 5793291 20221207 92.54 
 5711309 20221024 32.70 
 5711309 20221017 32.70 
 5711309 20221010 32.70 
 5688144 20221003 31.05 
 5688144 20220926 31.05 
 5688144 20220921 31.05 
   20220912 91.94 
   20220905 91.75 
   20220831 91.75 
   20220830 91.75 
 6419438 20240108 99.97 
 6419438 20240101 99.97 
 6419438 20231225 99.97 
 6400224 20231218 99.97 
 6400224 20231211 99.97 
 6376585 20231204 99.97 
 6376585 20231127 99.97 
 6344821 20231120 99.97 
 6344821 20231113 99.97 
 6330702 20231106 92.83 
 6330702 20231030 92.83 
 6294058 20231023 99.96 
 6294058 20231016 99.96 
 6294058 20231009 99.96 
 6279718 20231002 92.83 
 6157776 20230717 99.96 
 6151103 20230710 99.96 
 6134775 20230703 99.96 
 6134775 20230626 99.96 
 6134775 20230626 99.96 
 6110226 20230619 99.96 
 6110226 20230619 99.96 
 6110226 20230619 99.96 
 6110226 20230619 99.96 
 6110226 20230619 99.96 
 6110226 20230612 99.96 
 6086277 20230607 99.96 
 6086277 20230605 99.96 
 6086277 20230602 99.96 
 6086277 20230529 99.96 
 6062080 20230522 99.96 
 6062080 20230515 99.96 
 6033889 20230508 99.96 
 6033889 20230501 99.96 
 5993608 20230424 99.96 
 5993608 20230417 99.96 
 5993608 20230410 99.96 
 5976735 20230403 99.96 
 5976735 20230327 99.96 
 5949553 20230320 99.96 
 5949553 20230313 99.96 
 5923131 20230306 99.96 
 5923131 20230227 99.96 
 5909852 20230220 99.96 
 5891278 20230213 99.96 
 5877749 20230206 99.96 
 5877749 20230130 99.96 
 5877749 20230130 92.79 
 5866370 20230123 99.96 
 5859128 20230116 99.96 
 5859128 20230116 92.76 
 5848225 20230109 99.95 
 5841930 20230102 96.11 
 5835898 20221226 92.75 
 5830848 20221220 99.94 
 5815705 20221219 92.69 
 5815705 20221212 99.93 
 5793291 20221207 92.54 
 5711309 20221024 32.70 
 5711309 20221017 32.70 
 5711309 20221010 32.70 
 5688144 20221003 31.05 
 5688144 20220926 31.05 
 5688144 20220921 31.05 
   20220912 91.94 
   20220905 91.75 
   20220831 91.75 
   20220830 91.75 
 6419438 20240219 99.97 
 6419438 20240122 99.97 
 6419438 20240115 99.97 
 6419438 20240108 99.97 
 6419438 20240101 99.97 
 6419438 20231225 99.97 
 6400224 20231218 99.97 
 6400224 20231211 99.97 
 6376585 20231204 99.97 
 6376585 20231127 99.97 
 6344821 20231120 99.97 
 6344821 20231113 99.97 
 6330702 20231106 92.83 
 6330702 20231030 92.83 
 6294058 20231023 99.96 
 6294058 20231016 99.96 
 6294058 20231009 99.96 
 6279718 20231002 92.83 
 6157776 20230717 99.96 
 6151103 20230710 99.96 
 6134775 20230703 99.96 
 6134775 20230626 99.96 
 6134775 20230626 99.96 
 6110226 20230619 99.96 
 6110226 20230619 99.96 
 6110226 20230619 99.96 
 6110226 20230619 99.96 
 6110226 20230619 99.96 
 6110226 20230612 99.96 
 6086277 20230607 99.96 
 6086277 20230605 99.96 
 6086277 20230602 99.96 
 6086277 20230529 99.96 
 6062080 20230522 99.96 
 6062080 20230515 99.96 
 6033889 20230508 99.96 
 6033889 20230501 99.96 
 5993608 20230424 99.96 
 5993608 20230417 99.96 
 5993608 20230410 99.96 
 5976735 20230403 99.96 
 5976735 20230327 99.96 
 5949553 20230320 99.96 
 5949553 20230313 99.96 
 5923131 20230306 99.96 
 5923131 20230227 99.96 
 5909852 20230220 99.96 
 5891278 20230213 99.96 
 5877749 20230206 99.96 
 5877749 20230130 99.96 
 5877749 20230130 92.79 
 5866370 20230123 99.96 
 5859128 20230116 99.96 
 5859128 20230116 92.76 
 5848225 20230109 99.95 
 5841930 20230102 96.11 
 5835898 20221226 92.75 
 5830848 20221220 99.94 
 5815705 20221219 92.69 
 5815705 20221212 99.93 
 5793291 20221207 92.54 
 5711309 20221024 32.70 
 5711309 20221017 32.70 
 5711309 20221010 32.70 
 5688144 20221003 31.05 
 5688144 20220926 31.05 
 5688144 20220921 31.05 
   20220912 91.94 
   20220905 91.75 
   20220831 91.75 
   20220830 91.75 
 6419438 20240219 99.97 
 6419438 20240122 99.97 
 6419438 20240115 99.97 
 6419438 20240108 99.97 
 6419438 20240101 99.97 
 6419438 20231225 99.97 
 6400224 20231218 99.97 
 6400224 20231211 99.97 
 6376585 20231204 99.97 
 6376585 20231127 99.97 
 6344821 20231120 99.97 
 6344821 20231113 99.97 
 6330702 20231106 92.83 
 6330702 20231030 92.83 
 6294058 20231023 99.96 
 6294058 20231016 99.96 
 6294058 20231009 99.96 
 6279718 20231002 92.83 
 6157776 20230717 99.96 
 6151103 20230710 99.96 
 6134775 20230703 99.96 
 6134775 20230626 99.96 
 6134775 20230626 99.96 
 6110226 20230619 99.96 
 6110226 20230619 99.96 
 6110226 20230619 99.96 
 6110226 20230619 99.96 
 6110226 20230619 99.96 
 6110226 20230612 99.96 
 6086277 20230607 99.96 
 6086277 20230605 99.96 
 6086277 20230602 99.96 
 6086277 20230529 99.96 
 6062080 20230522 99.96 
 6062080 20230515 99.96 
 6033889 20230508 99.96 
 6033889 20230501 99.96 
 5993608 20230424 99.96 
 5993608 20230417 99.96 
 5993608 20230410 99.96 
 5976735 20230403 99.96 
 5976735 20230327 99.96 
 5949553 20230320 99.96 
 5949553 20230313 99.96 
 5923131 20230306 99.96 
 5923131 20230227 99.96 
 5909852 20230220 99.96 
 5891278 20230213 99.96 
 5877749 20230206 99.96 
 5877749 20230130 99.96 
 5877749 20230130 92.79 
 5866370 20230123 99.96 
 5859128 20230116 99.96 
 5859128 20230116 92.76 
 5848225 20230109 99.95 
 5841930 20230102 96.11 
 5835898 20221226 92.75 
 5830848 20221220 99.94 
 5815705 20221219 92.69 
 5815705 20221212 99.93 
 5793291 20221207 92.54 
 5711309 20221024 32.70 
 5711309 20221017 32.70 
 5711309 20221010 32.70 
 5688144 20221003 31.05 
 5688144 20220926 31.05 
 5688144 20220921 31.05 
   20220912 91.94 
   20220905 91.75 
   20220831 91.75 
   20220830 91.75 
