 6400224  20231218  99.96 
 6400224  20231211  99.96 
 6376585  20231204  99.96 
 6376585  20231127  99.96 
 6344821  20231120  99.96 
 6344821  20231113  99.96 
 6330702  20231106  97.60 
 6330702  20231030  97.60 
 6294058  20231023  99.96 
 6294058  20231016  99.96 
 6294058  20231009  99.96 
 6279718  20231002  97.60 
 6157776  20230717  99.96 
 6151103  20230710  99.96 
 6134775  20230703  99.96 
 6134775  20230626  99.96 
 6134775  20230626  99.96 
 6110226  20230619  99.96 
 6110226  20230619  99.96 
 6110226  20230619  99.96 
 6110226  20230619  99.96 
 6110226  20230619  99.96 
 6110226  20230612  99.96 
 6086277  20230607  99.96 
 6086277  20230605  99.96 
 6086277  20230602  99.96 
 6086277  20230529  99.96 
 6062080  20230522  99.96 
 6062080  20230515  99.96 
 6033889  20230508  99.96 
 6033889  20230501  99.96 
 5993608  20230424  99.96 
 5993608  20230417  99.96 
 5993608  20230410  99.96 
 5976735  20230403  99.96 
 5976735  20230327  99.96 
 5949553  20230320  99.96 
 5949553  20230313  99.96 
 5923131  20230306  99.96 
 5923131  20230227  99.96 
 5909852  20230220  99.96 
 5891278  20230213  99.96 
 5877749  20230206  99.96 
 5877749  20230130  99.96 
 5877749  20230130  97.60 
 5866370  20230123  99.96 
 5859128  20230116  99.96 
 5859128  20230116  97.60 
 5848225  20230109  99.96 
 5841930  20230102  99.18 
 5835898  20221226  97.60 
 5830848  20221220  99.96 
 5815705  20221219  97.38 
 5815705  20221212  99.74 
 5793291  20221207  96.72 
 5711309  20221024  42.38 
 5711309  20221017  42.38 
 5711309  20221010  42.38 
 5688144  20221003  41.13 
 5688144  20220926  41.13 
 5688144  20220921  41.13 
    20220912  84.30 
    20220905  76.52 
    20220831  76.52 
    20220830  76.52 
 6400224 20231218 99.96 
 6400224 20231211 99.96 
 6376585 20231204 99.96 
 6376585 20231127 99.96 
 6344821 20231120 99.96 
 6344821 20231113 99.96 
 6330702 20231106 97.60 
 6330702 20231030 97.60 
 6294058 20231023 99.96 
 6294058 20231016 99.96 
 6294058 20231009 99.96 
 6279718 20231002 97.60 
 6157776 20230717 99.96 
 6151103 20230710 99.96 
 6134775 20230703 99.96 
 6134775 20230626 99.96 
 6134775 20230626 99.96 
 6110226 20230619 99.96 
 6110226 20230619 99.96 
 6110226 20230619 99.96 
 6110226 20230619 99.96 
 6110226 20230619 99.96 
 6110226 20230612 99.96 
 6086277 20230607 99.96 
 6086277 20230605 99.96 
 6086277 20230602 99.96 
 6086277 20230529 99.96 
 6062080 20230522 99.96 
 6062080 20230515 99.96 
 6033889 20230508 99.96 
 6033889 20230501 99.96 
 5993608 20230424 99.96 
 5993608 20230417 99.96 
 5993608 20230410 99.96 
 5976735 20230403 99.96 
 5976735 20230327 99.96 
 5949553 20230320 99.96 
 5949553 20230313 99.96 
 5923131 20230306 99.96 
 5923131 20230227 99.96 
 5909852 20230220 99.96 
 5891278 20230213 99.96 
 5877749 20230206 99.96 
 5877749 20230130 99.96 
 5877749 20230130 97.60 
 5866370 20230123 99.96 
 5859128 20230116 99.96 
 5859128 20230116 97.60 
 5848225 20230109 99.96 
 5841930 20230102 99.18 
 5835898 20221226 97.60 
 5830848 20221220 99.96 
 5815705 20221219 97.38 
 5815705 20221212 99.74 
 5793291 20221207 96.72 
 5711309 20221024 42.38 
 5711309 20221017 42.38 
 5711309 20221010 42.38 
 5688144 20221003 41.13 
 5688144 20220926 41.13 
 5688144 20220921 41.13 
   20220912 84.30 
   20220905 76.52 
   20220831 76.52 
   20220830 76.52 
 6419438 20240108 99.96 
 6419438 20240101 99.96 
 6419438 20231225 99.96 
 6400224 20231218 99.96 
 6400224 20231211 99.96 
 6376585 20231204 99.96 
 6376585 20231127 99.96 
 6344821 20231120 99.96 
 6344821 20231113 99.96 
 6330702 20231106 97.60 
 6330702 20231030 97.60 
 6294058 20231023 99.96 
 6294058 20231016 99.96 
 6294058 20231009 99.96 
 6279718 20231002 97.60 
 6157776 20230717 99.96 
 6151103 20230710 99.96 
 6134775 20230703 99.96 
 6134775 20230626 99.96 
 6134775 20230626 99.96 
 6110226 20230619 99.96 
 6110226 20230619 99.96 
 6110226 20230619 99.96 
 6110226 20230619 99.96 
 6110226 20230619 99.96 
 6110226 20230612 99.96 
 6086277 20230607 99.96 
 6086277 20230605 99.96 
 6086277 20230602 99.96 
 6086277 20230529 99.96 
 6062080 20230522 99.96 
 6062080 20230515 99.96 
 6033889 20230508 99.96 
 6033889 20230501 99.96 
 5993608 20230424 99.96 
 5993608 20230417 99.96 
 5993608 20230410 99.96 
 5976735 20230403 99.96 
 5976735 20230327 99.96 
 5949553 20230320 99.96 
 5949553 20230313 99.96 
 5923131 20230306 99.96 
 5923131 20230227 99.96 
 5909852 20230220 99.96 
 5891278 20230213 99.96 
 5877749 20230206 99.96 
 5877749 20230130 99.96 
 5877749 20230130 97.60 
 5866370 20230123 99.96 
 5859128 20230116 99.96 
 5859128 20230116 97.60 
 5848225 20230109 99.96 
 5841930 20230102 99.18 
 5835898 20221226 97.60 
 5830848 20221220 99.96 
 5815705 20221219 97.38 
 5815705 20221212 99.74 
 5793291 20221207 96.72 
 5711309 20221024 42.38 
 5711309 20221017 42.38 
 5711309 20221010 42.38 
 5688144 20221003 41.13 
 5688144 20220926 41.13 
 5688144 20220921 41.13 
   20220912 84.30 
   20220905 76.52 
   20220831 76.52 
   20220830 76.52 
 6419438 20240219 99.96 
 6419438 20240122 99.96 
 6419438 20240115 99.96 
 6419438 20240108 99.96 
 6419438 20240101 99.96 
 6419438 20231225 99.96 
 6400224 20231218 99.96 
 6400224 20231211 99.96 
 6376585 20231204 99.96 
 6376585 20231127 99.96 
 6344821 20231120 99.96 
 6344821 20231113 99.96 
 6330702 20231106 97.60 
 6330702 20231030 97.60 
 6294058 20231023 99.96 
 6294058 20231016 99.96 
 6294058 20231009 99.96 
 6279718 20231002 97.60 
 6157776 20230717 99.96 
 6151103 20230710 99.96 
 6134775 20230703 99.96 
 6134775 20230626 99.96 
 6134775 20230626 99.96 
 6110226 20230619 99.96 
 6110226 20230619 99.96 
 6110226 20230619 99.96 
 6110226 20230619 99.96 
 6110226 20230619 99.96 
 6110226 20230612 99.96 
 6086277 20230607 99.96 
 6086277 20230605 99.96 
 6086277 20230602 99.96 
 6086277 20230529 99.96 
 6062080 20230522 99.96 
 6062080 20230515 99.96 
 6033889 20230508 99.96 
 6033889 20230501 99.96 
 5993608 20230424 99.96 
 5993608 20230417 99.96 
 5993608 20230410 99.96 
 5976735 20230403 99.96 
 5976735 20230327 99.96 
 5949553 20230320 99.96 
 5949553 20230313 99.96 
 5923131 20230306 99.96 
 5923131 20230227 99.96 
 5909852 20230220 99.96 
 5891278 20230213 99.96 
 5877749 20230206 99.96 
 5877749 20230130 99.96 
 5877749 20230130 97.60 
 5866370 20230123 99.96 
 5859128 20230116 99.96 
 5859128 20230116 97.60 
 5848225 20230109 99.96 
 5841930 20230102 99.18 
 5835898 20221226 97.60 
 5830848 20221220 99.96 
 5815705 20221219 97.38 
 5815705 20221212 99.74 
 5793291 20221207 96.72 
 5711309 20221024 42.38 
 5711309 20221017 42.38 
 5711309 20221010 42.38 
 5688144 20221003 41.13 
 5688144 20220926 41.13 
 5688144 20220921 41.13 
   20220912 84.30 
   20220905 76.52 
   20220831 76.52 
   20220830 76.52 
 6419438 20240219 99.96 
 6419438 20240122 99.96 
 6419438 20240115 99.96 
 6419438 20240108 99.96 
 6419438 20240101 99.96 
 6419438 20231225 99.96 
 6400224 20231218 99.96 
 6400224 20231211 99.96 
 6376585 20231204 99.96 
 6376585 20231127 99.96 
 6344821 20231120 99.96 
 6344821 20231113 99.96 
 6330702 20231106 97.60 
 6330702 20231030 97.60 
 6294058 20231023 99.96 
 6294058 20231016 99.96 
 6294058 20231009 99.96 
 6279718 20231002 97.60 
 6157776 20230717 99.96 
 6151103 20230710 99.96 
 6134775 20230703 99.96 
 6134775 20230626 99.96 
 6134775 20230626 99.96 
 6110226 20230619 99.96 
 6110226 20230619 99.96 
 6110226 20230619 99.96 
 6110226 20230619 99.96 
 6110226 20230619 99.96 
 6110226 20230612 99.96 
 6086277 20230607 99.96 
 6086277 20230605 99.96 
 6086277 20230602 99.96 
 6086277 20230529 99.96 
 6062080 20230522 99.96 
 6062080 20230515 99.96 
 6033889 20230508 99.96 
 6033889 20230501 99.96 
 5993608 20230424 99.96 
 5993608 20230417 99.96 
 5993608 20230410 99.96 
 5976735 20230403 99.96 
 5976735 20230327 99.96 
 5949553 20230320 99.96 
 5949553 20230313 99.96 
 5923131 20230306 99.96 
 5923131 20230227 99.96 
 5909852 20230220 99.96 
 5891278 20230213 99.96 
 5877749 20230206 99.96 
 5877749 20230130 99.96 
 5877749 20230130 97.60 
 5866370 20230123 99.96 
 5859128 20230116 99.96 
 5859128 20230116 97.60 
 5848225 20230109 99.96 
 5841930 20230102 99.18 
 5835898 20221226 97.60 
 5830848 20221220 99.96 
 5815705 20221219 97.38 
 5815705 20221212 99.74 
 5793291 20221207 96.72 
 5711309 20221024 42.38 
 5711309 20221017 42.38 
 5711309 20221010 42.38 
 5688144 20221003 41.13 
 5688144 20220926 41.13 
 5688144 20220921 41.13 
   20220912 84.30 
   20220905 76.52 
   20220831 76.52 
   20220830 76.52 
