 6400224  20231218  100.00 
 6400224  20231211  100.00 
 6376585  20231204  100.00 
 6376585  20231127  100.00 
 6344821  20231120  100.00 
 6344821  20231113  100.00 
 6330702  20231106  99.93 
 6330702  20231030  99.93 
 6294058  20231023  100.00 
 6294058  20231016  100.00 
 6294058  20231009  100.00 
 6279718  20231002  99.93 
 6157776  20230717  100.00 
 6151103  20230710  100.00 
 6134775  20230703  100.00 
 6134775  20230626  100.00 
 6134775  20230626  100.00 
 6110226  20230619  100.00 
 6110226  20230619  100.00 
 6110226  20230619  100.00 
 6110226  20230619  100.00 
 6110226  20230619  100.00 
 6110226  20230612  100.00 
 6086277  20230607  100.00 
 6086277  20230605  100.00 
 6086277  20230602  100.00 
 6086277  20230529  100.00 
 6062080  20230522  100.00 
 6062080  20230515  100.00 
 6033889  20230508  100.00 
 6033889  20230501  100.00 
 5993608  20230424  100.00 
 5993608  20230417  100.00 
 5993608  20230410  100.00 
 5976735  20230403  100.00 
 5976735  20230327  100.00 
 5949553  20230320  100.00 
 5949553  20230313  100.00 
 5923131  20230306  100.00 
 5923131  20230227  100.00 
 5909852  20230220  100.00 
 5891278  20230213  100.00 
 5877749  20230206  100.00 
 5877749  20230130  100.00 
 5877749  20230130  99.93 
 5866370  20230123  100.00 
 5859128  20230116  100.00 
 5859128  20230116  99.93 
 5848225  20230109  100.00 
 5841930  20230102  99.99 
 5835898  20221226  99.93 
 5830848  20221220  100.00 
 5815705  20221219  99.93 
 5815705  20221212  100.00 
 5793291  20221207  99.93 
 5711309  20221024  64.51 
 5711309  20221017  64.51 
 5711309  20221010  64.51 
 5688144  20221003  64.19 
 5688144  20220926  64.19 
 5688144  20220921  64.19 
    20220912  98.66 
    20220905  96.68 
    20220831  96.68 
    20220830  96.68 
 6400224 20231218 100.00 
 6400224 20231211 100.00 
 6376585 20231204 100.00 
 6376585 20231127 100.00 
 6344821 20231120 100.00 
 6344821 20231113 100.00 
 6330702 20231106 99.93 
 6330702 20231030 99.93 
 6294058 20231023 100.00 
 6294058 20231016 100.00 
 6294058 20231009 100.00 
 6279718 20231002 99.93 
 6157776 20230717 100.00 
 6151103 20230710 100.00 
 6134775 20230703 100.00 
 6134775 20230626 100.00 
 6134775 20230626 100.00 
 6110226 20230619 100.00 
 6110226 20230619 100.00 
 6110226 20230619 100.00 
 6110226 20230619 100.00 
 6110226 20230619 100.00 
 6110226 20230612 100.00 
 6086277 20230607 100.00 
 6086277 20230605 100.00 
 6086277 20230602 100.00 
 6086277 20230529 100.00 
 6062080 20230522 100.00 
 6062080 20230515 100.00 
 6033889 20230508 100.00 
 6033889 20230501 100.00 
 5993608 20230424 100.00 
 5993608 20230417 100.00 
 5993608 20230410 100.00 
 5976735 20230403 100.00 
 5976735 20230327 100.00 
 5949553 20230320 100.00 
 5949553 20230313 100.00 
 5923131 20230306 100.00 
 5923131 20230227 100.00 
 5909852 20230220 100.00 
 5891278 20230213 100.00 
 5877749 20230206 100.00 
 5877749 20230130 100.00 
 5877749 20230130 99.93 
 5866370 20230123 100.00 
 5859128 20230116 100.00 
 5859128 20230116 99.93 
 5848225 20230109 100.00 
 5841930 20230102 99.99 
 5835898 20221226 99.93 
 5830848 20221220 100.00 
 5815705 20221219 99.93 
 5815705 20221212 100.00 
 5793291 20221207 99.93 
 5711309 20221024 64.51 
 5711309 20221017 64.51 
 5711309 20221010 64.51 
 5688144 20221003 64.19 
 5688144 20220926 64.19 
 5688144 20220921 64.19 
   20220912 98.66 
   20220905 96.68 
   20220831 96.68 
   20220830 96.68 
 6419438 20240108 100.00 
 6419438 20240101 100.00 
 6419438 20231225 100.00 
 6400224 20231218 100.00 
 6400224 20231211 100.00 
 6376585 20231204 100.00 
 6376585 20231127 100.00 
 6344821 20231120 100.00 
 6344821 20231113 100.00 
 6330702 20231106 99.93 
 6330702 20231030 99.93 
 6294058 20231023 100.00 
 6294058 20231016 100.00 
 6294058 20231009 100.00 
 6279718 20231002 99.93 
 6157776 20230717 100.00 
 6151103 20230710 100.00 
 6134775 20230703 100.00 
 6134775 20230626 100.00 
 6134775 20230626 100.00 
 6110226 20230619 100.00 
 6110226 20230619 100.00 
 6110226 20230619 100.00 
 6110226 20230619 100.00 
 6110226 20230619 100.00 
 6110226 20230612 100.00 
 6086277 20230607 100.00 
 6086277 20230605 100.00 
 6086277 20230602 100.00 
 6086277 20230529 100.00 
 6062080 20230522 100.00 
 6062080 20230515 100.00 
 6033889 20230508 100.00 
 6033889 20230501 100.00 
 5993608 20230424 100.00 
 5993608 20230417 100.00 
 5993608 20230410 100.00 
 5976735 20230403 100.00 
 5976735 20230327 100.00 
 5949553 20230320 100.00 
 5949553 20230313 100.00 
 5923131 20230306 100.00 
 5923131 20230227 100.00 
 5909852 20230220 100.00 
 5891278 20230213 100.00 
 5877749 20230206 100.00 
 5877749 20230130 100.00 
 5877749 20230130 99.93 
 5866370 20230123 100.00 
 5859128 20230116 100.00 
 5859128 20230116 99.93 
 5848225 20230109 100.00 
 5841930 20230102 99.99 
 5835898 20221226 99.93 
 5830848 20221220 100.00 
 5815705 20221219 99.93 
 5815705 20221212 100.00 
 5793291 20221207 99.93 
 5711309 20221024 64.51 
 5711309 20221017 64.51 
 5711309 20221010 64.51 
 5688144 20221003 64.19 
 5688144 20220926 64.19 
 5688144 20220921 64.19 
   20220912 98.66 
   20220905 96.68 
   20220831 96.68 
   20220830 96.68 
 6419438 20240219 100.00 
 6419438 20240122 100.00 
 6419438 20240115 100.00 
 6419438 20240108 100.00 
 6419438 20240101 100.00 
 6419438 20231225 100.00 
 6400224 20231218 100.00 
 6400224 20231211 100.00 
 6376585 20231204 100.00 
 6376585 20231127 100.00 
 6344821 20231120 100.00 
 6344821 20231113 100.00 
 6330702 20231106 99.93 
 6330702 20231030 99.93 
 6294058 20231023 100.00 
 6294058 20231016 100.00 
 6294058 20231009 100.00 
 6279718 20231002 99.93 
 6157776 20230717 100.00 
 6151103 20230710 100.00 
 6134775 20230703 100.00 
 6134775 20230626 100.00 
 6134775 20230626 100.00 
 6110226 20230619 100.00 
 6110226 20230619 100.00 
 6110226 20230619 100.00 
 6110226 20230619 100.00 
 6110226 20230619 100.00 
 6110226 20230612 100.00 
 6086277 20230607 100.00 
 6086277 20230605 100.00 
 6086277 20230602 100.00 
 6086277 20230529 100.00 
 6062080 20230522 100.00 
 6062080 20230515 100.00 
 6033889 20230508 100.00 
 6033889 20230501 100.00 
 5993608 20230424 100.00 
 5993608 20230417 100.00 
 5993608 20230410 100.00 
 5976735 20230403 100.00 
 5976735 20230327 100.00 
 5949553 20230320 100.00 
 5949553 20230313 100.00 
 5923131 20230306 100.00 
 5923131 20230227 100.00 
 5909852 20230220 100.00 
 5891278 20230213 100.00 
 5877749 20230206 100.00 
 5877749 20230130 100.00 
 5877749 20230130 99.93 
 5866370 20230123 100.00 
 5859128 20230116 100.00 
 5859128 20230116 99.93 
 5848225 20230109 100.00 
 5841930 20230102 99.99 
 5835898 20221226 99.93 
 5830848 20221220 100.00 
 5815705 20221219 99.93 
 5815705 20221212 100.00 
 5793291 20221207 99.93 
 5711309 20221024 64.51 
 5711309 20221017 64.51 
 5711309 20221010 64.51 
 5688144 20221003 64.19 
 5688144 20220926 64.19 
 5688144 20220921 64.19 
   20220912 98.66 
   20220905 96.68 
   20220831 96.68 
   20220830 96.68 
 6419438 20240219 100.00 
 6419438 20240122 100.00 
 6419438 20240115 100.00 
 6419438 20240108 100.00 
 6419438 20240101 100.00 
 6419438 20231225 100.00 
 6400224 20231218 100.00 
 6400224 20231211 100.00 
 6376585 20231204 100.00 
 6376585 20231127 100.00 
 6344821 20231120 100.00 
 6344821 20231113 100.00 
 6330702 20231106 99.93 
 6330702 20231030 99.93 
 6294058 20231023 100.00 
 6294058 20231016 100.00 
 6294058 20231009 100.00 
 6279718 20231002 99.93 
 6157776 20230717 100.00 
 6151103 20230710 100.00 
 6134775 20230703 100.00 
 6134775 20230626 100.00 
 6134775 20230626 100.00 
 6110226 20230619 100.00 
 6110226 20230619 100.00 
 6110226 20230619 100.00 
 6110226 20230619 100.00 
 6110226 20230619 100.00 
 6110226 20230612 100.00 
 6086277 20230607 100.00 
 6086277 20230605 100.00 
 6086277 20230602 100.00 
 6086277 20230529 100.00 
 6062080 20230522 100.00 
 6062080 20230515 100.00 
 6033889 20230508 100.00 
 6033889 20230501 100.00 
 5993608 20230424 100.00 
 5993608 20230417 100.00 
 5993608 20230410 100.00 
 5976735 20230403 100.00 
 5976735 20230327 100.00 
 5949553 20230320 100.00 
 5949553 20230313 100.00 
 5923131 20230306 100.00 
 5923131 20230227 100.00 
 5909852 20230220 100.00 
 5891278 20230213 100.00 
 5877749 20230206 100.00 
 5877749 20230130 100.00 
 5877749 20230130 99.93 
 5866370 20230123 100.00 
 5859128 20230116 100.00 
 5859128 20230116 99.93 
 5848225 20230109 100.00 
 5841930 20230102 99.99 
 5835898 20221226 99.93 
 5830848 20221220 100.00 
 5815705 20221219 99.93 
 5815705 20221212 100.00 
 5793291 20221207 99.93 
 5711309 20221024 64.51 
 5711309 20221017 64.51 
 5711309 20221010 64.51 
 5688144 20221003 64.19 
 5688144 20220926 64.19 
 5688144 20220921 64.19 
   20220912 98.66 
   20220905 96.68 
   20220831 96.68 
   20220830 96.68 
