 6400224  20231218  94.44 
 6400224  20231211  94.44 
 6376585  20231204  94.44 
 6376585  20231127  94.44 
 6344821  20231120  94.44 
 6344821  20231113  94.44 
 6330702  20231106  86.11 
 6330702  20231030  86.11 
 6294058  20231023  94.44 
 6294058  20231016  94.44 
 6294058  20231009  94.44 
 6279718  20231002  86.11 
 6157776  20230717  100.00 
 6151103  20230710  100.00 
 6134775  20230703  100.00 
 6134775  20230626  100.00 
 6134775  20230626  100.00 
 6110226  20230619  100.00 
 6110226  20230619  100.00 
 6110226  20230619  100.00 
 6110226  20230619  100.00 
 6110226  20230619  100.00 
 6110226  20230612  100.00 
 6086277  20230607  100.00 
 6086277  20230605  100.00 
 6086277  20230602  100.00 
 6086277  20230529  100.00 
 6062080  20230522  100.00 
 6062080  20230515  100.00 
 6033889  20230508  100.00 
 6033889  20230501  100.00 
 5993608  20230424  100.00 
 5993608  20230417  100.00 
 5993608  20230410  100.00 
 5976735  20230403  100.00 
 5976735  20230327  100.00 
 5949553  20230320  100.00 
 5949553  20230313  100.00 
 5923131  20230306  100.00 
 5923131  20230227  100.00 
 5909852  20230220  100.00 
 5891278  20230213  100.00 
 5877749  20230206  100.00 
 5877749  20230130  100.00 
 5877749  20230130  91.18 
 5866370  20230123  100.00 
 5859128  20230116  100.00 
 5859128  20230116  91.18 
 5848225  20230109  97.14 
 5841930  20230102  88.57 
 5835898  20221226  88.57 
 5830848  20221220  94.44 
 5815705  20221219  86.11 
 5815705  20221212  94.44 
 5793291  20221207  86.11 
 5711309  20221024  86.96 
 5711309  20221017  86.96 
 5711309  20221010  86.96 
 5688144  20221003  86.96 
 5688144  20220926  86.96 
 5688144  20220921  86.96 
    20220912  82.54 
    20220905  68.96 
    20220831  68.96 
    20220830  68.96 
 6400224 20231218 94.44 
 6400224 20231211 94.44 
 6376585 20231204 94.44 
 6376585 20231127 94.44 
 6344821 20231120 94.44 
 6344821 20231113 94.44 
 6330702 20231106 86.11 
 6330702 20231030 86.11 
 6294058 20231023 94.44 
 6294058 20231016 94.44 
 6294058 20231009 94.44 
 6279718 20231002 86.11 
 6157776 20230717 100.00 
 6151103 20230710 100.00 
 6134775 20230703 100.00 
 6134775 20230626 100.00 
 6134775 20230626 100.00 
 6110226 20230619 100.00 
 6110226 20230619 100.00 
 6110226 20230619 100.00 
 6110226 20230619 100.00 
 6110226 20230619 100.00 
 6110226 20230612 100.00 
 6086277 20230607 100.00 
 6086277 20230605 100.00 
 6086277 20230602 100.00 
 6086277 20230529 100.00 
 6062080 20230522 100.00 
 6062080 20230515 100.00 
 6033889 20230508 100.00 
 6033889 20230501 100.00 
 5993608 20230424 100.00 
 5993608 20230417 100.00 
 5993608 20230410 100.00 
 5976735 20230403 100.00 
 5976735 20230327 100.00 
 5949553 20230320 100.00 
 5949553 20230313 100.00 
 5923131 20230306 100.00 
 5923131 20230227 100.00 
 5909852 20230220 100.00 
 5891278 20230213 100.00 
 5877749 20230206 100.00 
 5877749 20230130 100.00 
 5877749 20230130 91.18 
 5866370 20230123 100.00 
 5859128 20230116 100.00 
 5859128 20230116 91.18 
 5848225 20230109 97.14 
 5841930 20230102 88.57 
 5835898 20221226 88.57 
 5830848 20221220 94.44 
 5815705 20221219 86.11 
 5815705 20221212 94.44 
 5793291 20221207 86.11 
 5711309 20221024 86.96 
 5711309 20221017 86.96 
 5711309 20221010 86.96 
 5688144 20221003 86.96 
 5688144 20220926 86.96 
 5688144 20220921 86.96 
   20220912 82.54 
   20220905 68.96 
   20220831 68.96 
   20220830 68.96 
 6419438 20240108 94.44 
 6419438 20240101 94.44 
 6419438 20231225 94.44 
 6400224 20231218 94.44 
 6400224 20231211 94.44 
 6376585 20231204 94.44 
 6376585 20231127 94.44 
 6344821 20231120 94.44 
 6344821 20231113 94.44 
 6330702 20231106 86.11 
 6330702 20231030 86.11 
 6294058 20231023 94.44 
 6294058 20231016 94.44 
 6294058 20231009 94.44 
 6279718 20231002 86.11 
 6157776 20230717 100.00 
 6151103 20230710 100.00 
 6134775 20230703 100.00 
 6134775 20230626 100.00 
 6134775 20230626 100.00 
 6110226 20230619 100.00 
 6110226 20230619 100.00 
 6110226 20230619 100.00 
 6110226 20230619 100.00 
 6110226 20230619 100.00 
 6110226 20230612 100.00 
 6086277 20230607 100.00 
 6086277 20230605 100.00 
 6086277 20230602 100.00 
 6086277 20230529 100.00 
 6062080 20230522 100.00 
 6062080 20230515 100.00 
 6033889 20230508 100.00 
 6033889 20230501 100.00 
 5993608 20230424 100.00 
 5993608 20230417 100.00 
 5993608 20230410 100.00 
 5976735 20230403 100.00 
 5976735 20230327 100.00 
 5949553 20230320 100.00 
 5949553 20230313 100.00 
 5923131 20230306 100.00 
 5923131 20230227 100.00 
 5909852 20230220 100.00 
 5891278 20230213 100.00 
 5877749 20230206 100.00 
 5877749 20230130 100.00 
 5877749 20230130 91.18 
 5866370 20230123 100.00 
 5859128 20230116 100.00 
 5859128 20230116 91.18 
 5848225 20230109 97.14 
 5841930 20230102 88.57 
 5835898 20221226 88.57 
 5830848 20221220 94.44 
 5815705 20221219 86.11 
 5815705 20221212 94.44 
 5793291 20221207 86.11 
 5711309 20221024 86.96 
 5711309 20221017 86.96 
 5711309 20221010 86.96 
 5688144 20221003 86.96 
 5688144 20220926 86.96 
 5688144 20220921 86.96 
   20220912 82.54 
   20220905 68.96 
   20220831 68.96 
   20220830 68.96 
 6419438 20240219 94.44 
 6419438 20240122 94.44 
 6419438 20240115 94.44 
 6419438 20240108 94.44 
 6419438 20240101 94.44 
 6419438 20231225 94.44 
 6400224 20231218 94.44 
 6400224 20231211 94.44 
 6376585 20231204 94.44 
 6376585 20231127 94.44 
 6344821 20231120 94.44 
 6344821 20231113 94.44 
 6330702 20231106 86.11 
 6330702 20231030 86.11 
 6294058 20231023 94.44 
 6294058 20231016 94.44 
 6294058 20231009 94.44 
 6279718 20231002 86.11 
 6157776 20230717 100.00 
 6151103 20230710 100.00 
 6134775 20230703 100.00 
 6134775 20230626 100.00 
 6134775 20230626 100.00 
 6110226 20230619 100.00 
 6110226 20230619 100.00 
 6110226 20230619 100.00 
 6110226 20230619 100.00 
 6110226 20230619 100.00 
 6110226 20230612 100.00 
 6086277 20230607 100.00 
 6086277 20230605 100.00 
 6086277 20230602 100.00 
 6086277 20230529 100.00 
 6062080 20230522 100.00 
 6062080 20230515 100.00 
 6033889 20230508 100.00 
 6033889 20230501 100.00 
 5993608 20230424 100.00 
 5993608 20230417 100.00 
 5993608 20230410 100.00 
 5976735 20230403 100.00 
 5976735 20230327 100.00 
 5949553 20230320 100.00 
 5949553 20230313 100.00 
 5923131 20230306 100.00 
 5923131 20230227 100.00 
 5909852 20230220 100.00 
 5891278 20230213 100.00 
 5877749 20230206 100.00 
 5877749 20230130 100.00 
 5877749 20230130 91.18 
 5866370 20230123 100.00 
 5859128 20230116 100.00 
 5859128 20230116 91.18 
 5848225 20230109 97.14 
 5841930 20230102 88.57 
 5835898 20221226 88.57 
 5830848 20221220 94.44 
 5815705 20221219 86.11 
 5815705 20221212 94.44 
 5793291 20221207 86.11 
 5711309 20221024 86.96 
 5711309 20221017 86.96 
 5711309 20221010 86.96 
 5688144 20221003 86.96 
 5688144 20220926 86.96 
 5688144 20220921 86.96 
   20220912 82.54 
   20220905 68.96 
   20220831 68.96 
   20220830 68.96 
 6419438 20240219 94.44 
 6419438 20240122 94.44 
 6419438 20240115 94.44 
 6419438 20240108 94.44 
 6419438 20240101 94.44 
 6419438 20231225 94.44 
 6400224 20231218 94.44 
 6400224 20231211 94.44 
 6376585 20231204 94.44 
 6376585 20231127 94.44 
 6344821 20231120 94.44 
 6344821 20231113 94.44 
 6330702 20231106 86.11 
 6330702 20231030 86.11 
 6294058 20231023 94.44 
 6294058 20231016 94.44 
 6294058 20231009 94.44 
 6279718 20231002 86.11 
 6157776 20230717 100.00 
 6151103 20230710 100.00 
 6134775 20230703 100.00 
 6134775 20230626 100.00 
 6134775 20230626 100.00 
 6110226 20230619 100.00 
 6110226 20230619 100.00 
 6110226 20230619 100.00 
 6110226 20230619 100.00 
 6110226 20230619 100.00 
 6110226 20230612 100.00 
 6086277 20230607 100.00 
 6086277 20230605 100.00 
 6086277 20230602 100.00 
 6086277 20230529 100.00 
 6062080 20230522 100.00 
 6062080 20230515 100.00 
 6033889 20230508 100.00 
 6033889 20230501 100.00 
 5993608 20230424 100.00 
 5993608 20230417 100.00 
 5993608 20230410 100.00 
 5976735 20230403 100.00 
 5976735 20230327 100.00 
 5949553 20230320 100.00 
 5949553 20230313 100.00 
 5923131 20230306 100.00 
 5923131 20230227 100.00 
 5909852 20230220 100.00 
 5891278 20230213 100.00 
 5877749 20230206 100.00 
 5877749 20230130 100.00 
 5877749 20230130 91.18 
 5866370 20230123 100.00 
 5859128 20230116 100.00 
 5859128 20230116 91.18 
 5848225 20230109 97.14 
 5841930 20230102 88.57 
 5835898 20221226 88.57 
 5830848 20221220 94.44 
 5815705 20221219 86.11 
 5815705 20221212 94.44 
 5793291 20221207 86.11 
 5711309 20221024 86.96 
 5711309 20221017 86.96 
 5711309 20221010 86.96 
 5688144 20221003 86.96 
 5688144 20220926 86.96 
 5688144 20220921 86.96 
   20220912 82.54 
   20220905 68.96 
   20220831 68.96 
   20220830 68.96 
