 6400224  20231218  100.00 
 6400224  20231211  100.00 
 6376585  20231204  100.00 
 6376585  20231127  100.00 
 6344821  20231120  100.00 
 6344821  20231113  100.00 
 6330702  20231106  92.36 
 6330702  20231030  92.36 
 6294058  20231023  100.00 
 6294058  20231016  100.00 
 6294058  20231009  100.00 
 6279718  20231002  92.36 
 6157776  20230717  100.00 
 6151103  20230710  100.00 
 6134775  20230703  100.00 
 6134775  20230626  100.00 
 6134775  20230626  100.00 
 6110226  20230619  100.00 
 6110226  20230619  100.00 
 6110226  20230619  100.00 
 6110226  20230619  100.00 
 6110226  20230619  100.00 
 6110226  20230612  100.00 
 6086277  20230607  100.00 
 6086277  20230605  100.00 
 6086277  20230602  100.00 
 6086277  20230529  100.00 
 6062080  20230522  100.00 
 6062080  20230515  100.00 
 6033889  20230508  100.00 
 6033889  20230501  100.00 
 5993608  20230424  100.00 
 5993608  20230417  100.00 
 5993608  20230410  100.00 
 5976735  20230403  100.00 
 5976735  20230327  100.00 
 5949553  20230320  100.00 
 5949553  20230313  100.00 
 5923131  20230306  100.00 
 5923131  20230227  100.00 
 5909852  20230220  100.00 
 5891278  20230213  99.87 
 5877749  20230206  99.87 
 5877749  20230130  99.87 
 5877749  20230130  91.04 
 5866370  20230123  99.87 
 5859128  20230116  99.87 
 5859128  20230116  90.51 
 5848225  20230109  100.00 
 5841930  20230102  99.47 
 5835898  20221226  89.86 
 5830848  20221220  100.00 
 5815705  20221219  88.41 
 5815705  20221212  98.68 
 5793291  20221207  85.11 
 5711309  20221024  58.99 
 5711309  20221017  58.99 
 5711309  20221010  58.99 
 5688144  20221003  60.38 
 5688144  20220926  60.38 
 5688144  20220921  60.38 
    20220912  75.87 
    20220905  73.27 
    20220831  73.27 
    20220830  73.27 
 6400224 20231218 100.00 
 6400224 20231211 100.00 
 6376585 20231204 100.00 
 6376585 20231127 100.00 
 6344821 20231120 100.00 
 6344821 20231113 100.00 
 6330702 20231106 92.36 
 6330702 20231030 92.36 
 6294058 20231023 100.00 
 6294058 20231016 100.00 
 6294058 20231009 100.00 
 6279718 20231002 92.36 
 6157776 20230717 100.00 
 6151103 20230710 100.00 
 6134775 20230703 100.00 
 6134775 20230626 100.00 
 6134775 20230626 100.00 
 6110226 20230619 100.00 
 6110226 20230619 100.00 
 6110226 20230619 100.00 
 6110226 20230619 100.00 
 6110226 20230619 100.00 
 6110226 20230612 100.00 
 6086277 20230607 100.00 
 6086277 20230605 100.00 
 6086277 20230602 100.00 
 6086277 20230529 100.00 
 6062080 20230522 100.00 
 6062080 20230515 100.00 
 6033889 20230508 100.00 
 6033889 20230501 100.00 
 5993608 20230424 100.00 
 5993608 20230417 100.00 
 5993608 20230410 100.00 
 5976735 20230403 100.00 
 5976735 20230327 100.00 
 5949553 20230320 100.00 
 5949553 20230313 100.00 
 5923131 20230306 100.00 
 5923131 20230227 100.00 
 5909852 20230220 100.00 
 5891278 20230213 99.87 
 5877749 20230206 99.87 
 5877749 20230130 99.87 
 5877749 20230130 91.04 
 5866370 20230123 99.87 
 5859128 20230116 99.87 
 5859128 20230116 90.51 
 5848225 20230109 100.00 
 5841930 20230102 99.47 
 5835898 20221226 89.86 
 5830848 20221220 100.00 
 5815705 20221219 88.41 
 5815705 20221212 98.68 
 5793291 20221207 85.11 
 5711309 20221024 58.99 
 5711309 20221017 58.99 
 5711309 20221010 58.99 
 5688144 20221003 60.38 
 5688144 20220926 60.38 
 5688144 20220921 60.38 
   20220912 75.87 
   20220905 73.27 
   20220831 73.27 
   20220830 73.27 
 6419438 20240108 100.00 
 6419438 20240101 100.00 
 6419438 20231225 100.00 
 6400224 20231218 100.00 
 6400224 20231211 100.00 
 6376585 20231204 100.00 
 6376585 20231127 100.00 
 6344821 20231120 100.00 
 6344821 20231113 100.00 
 6330702 20231106 92.36 
 6330702 20231030 92.36 
 6294058 20231023 100.00 
 6294058 20231016 100.00 
 6294058 20231009 100.00 
 6279718 20231002 92.36 
 6157776 20230717 100.00 
 6151103 20230710 100.00 
 6134775 20230703 100.00 
 6134775 20230626 100.00 
 6134775 20230626 100.00 
 6110226 20230619 100.00 
 6110226 20230619 100.00 
 6110226 20230619 100.00 
 6110226 20230619 100.00 
 6110226 20230619 100.00 
 6110226 20230612 100.00 
 6086277 20230607 100.00 
 6086277 20230605 100.00 
 6086277 20230602 100.00 
 6086277 20230529 100.00 
 6062080 20230522 100.00 
 6062080 20230515 100.00 
 6033889 20230508 100.00 
 6033889 20230501 100.00 
 5993608 20230424 100.00 
 5993608 20230417 100.00 
 5993608 20230410 100.00 
 5976735 20230403 100.00 
 5976735 20230327 100.00 
 5949553 20230320 100.00 
 5949553 20230313 100.00 
 5923131 20230306 100.00 
 5923131 20230227 100.00 
 5909852 20230220 100.00 
 5891278 20230213 99.87 
 5877749 20230206 99.87 
 5877749 20230130 99.87 
 5877749 20230130 91.04 
 5866370 20230123 99.87 
 5859128 20230116 99.87 
 5859128 20230116 90.51 
 5848225 20230109 100.00 
 5841930 20230102 99.47 
 5835898 20221226 89.86 
 5830848 20221220 100.00 
 5815705 20221219 88.41 
 5815705 20221212 98.68 
 5793291 20221207 85.11 
 5711309 20221024 58.99 
 5711309 20221017 58.99 
 5711309 20221010 58.99 
 5688144 20221003 60.38 
 5688144 20220926 60.38 
 5688144 20220921 60.38 
   20220912 75.87 
   20220905 73.27 
   20220831 73.27 
   20220830 73.27 
 6419438 20240219 100.00 
 6419438 20240122 100.00 
 6419438 20240115 100.00 
 6419438 20240108 100.00 
 6419438 20240101 100.00 
 6419438 20231225 100.00 
 6400224 20231218 100.00 
 6400224 20231211 100.00 
 6376585 20231204 100.00 
 6376585 20231127 100.00 
 6344821 20231120 100.00 
 6344821 20231113 100.00 
 6330702 20231106 92.36 
 6330702 20231030 92.36 
 6294058 20231023 100.00 
 6294058 20231016 100.00 
 6294058 20231009 100.00 
 6279718 20231002 92.36 
 6157776 20230717 100.00 
 6151103 20230710 100.00 
 6134775 20230703 100.00 
 6134775 20230626 100.00 
 6134775 20230626 100.00 
 6110226 20230619 100.00 
 6110226 20230619 100.00 
 6110226 20230619 100.00 
 6110226 20230619 100.00 
 6110226 20230619 100.00 
 6110226 20230612 100.00 
 6086277 20230607 100.00 
 6086277 20230605 100.00 
 6086277 20230602 100.00 
 6086277 20230529 100.00 
 6062080 20230522 100.00 
 6062080 20230515 100.00 
 6033889 20230508 100.00 
 6033889 20230501 100.00 
 5993608 20230424 100.00 
 5993608 20230417 100.00 
 5993608 20230410 100.00 
 5976735 20230403 100.00 
 5976735 20230327 100.00 
 5949553 20230320 100.00 
 5949553 20230313 100.00 
 5923131 20230306 100.00 
 5923131 20230227 100.00 
 5909852 20230220 100.00 
 5891278 20230213 99.87 
 5877749 20230206 99.87 
 5877749 20230130 99.87 
 5877749 20230130 91.04 
 5866370 20230123 99.87 
 5859128 20230116 99.87 
 5859128 20230116 90.51 
 5848225 20230109 100.00 
 5841930 20230102 99.47 
 5835898 20221226 89.86 
 5830848 20221220 100.00 
 5815705 20221219 88.41 
 5815705 20221212 98.68 
 5793291 20221207 85.11 
 5711309 20221024 58.99 
 5711309 20221017 58.99 
 5711309 20221010 58.99 
 5688144 20221003 60.38 
 5688144 20220926 60.38 
 5688144 20220921 60.38 
   20220912 75.87 
   20220905 73.27 
   20220831 73.27 
   20220830 73.27 
 6419438 20240219 100.00 
 6419438 20240122 100.00 
 6419438 20240115 100.00 
 6419438 20240108 100.00 
 6419438 20240101 100.00 
 6419438 20231225 100.00 
 6400224 20231218 100.00 
 6400224 20231211 100.00 
 6376585 20231204 100.00 
 6376585 20231127 100.00 
 6344821 20231120 100.00 
 6344821 20231113 100.00 
 6330702 20231106 92.36 
 6330702 20231030 92.36 
 6294058 20231023 100.00 
 6294058 20231016 100.00 
 6294058 20231009 100.00 
 6279718 20231002 92.36 
 6157776 20230717 100.00 
 6151103 20230710 100.00 
 6134775 20230703 100.00 
 6134775 20230626 100.00 
 6134775 20230626 100.00 
 6110226 20230619 100.00 
 6110226 20230619 100.00 
 6110226 20230619 100.00 
 6110226 20230619 100.00 
 6110226 20230619 100.00 
 6110226 20230612 100.00 
 6086277 20230607 100.00 
 6086277 20230605 100.00 
 6086277 20230602 100.00 
 6086277 20230529 100.00 
 6062080 20230522 100.00 
 6062080 20230515 100.00 
 6033889 20230508 100.00 
 6033889 20230501 100.00 
 5993608 20230424 100.00 
 5993608 20230417 100.00 
 5993608 20230410 100.00 
 5976735 20230403 100.00 
 5976735 20230327 100.00 
 5949553 20230320 100.00 
 5949553 20230313 100.00 
 5923131 20230306 100.00 
 5923131 20230227 100.00 
 5909852 20230220 100.00 
 5891278 20230213 99.87 
 5877749 20230206 99.87 
 5877749 20230130 99.87 
 5877749 20230130 91.04 
 5866370 20230123 99.87 
 5859128 20230116 99.87 
 5859128 20230116 90.51 
 5848225 20230109 100.00 
 5841930 20230102 99.47 
 5835898 20221226 89.86 
 5830848 20221220 100.00 
 5815705 20221219 88.41 
 5815705 20221212 98.68 
 5793291 20221207 85.11 
 5711309 20221024 58.99 
 5711309 20221017 58.99 
 5711309 20221010 58.99 
 5688144 20221003 60.38 
 5688144 20220926 60.38 
 5688144 20220921 60.38 
   20220912 75.87 
   20220905 73.27 
   20220831 73.27 
   20220830 73.27 
