
 6418484  20231218  98.67   94.80   100.00   98.65   99.65 
 6403531  20231213  98.67   94.80   100.00   98.65   99.65 
 6403531  20231213  98.67   94.80   100.00   98.65   99.65 
 6392357  20231211  98.52   94.72   100.00   98.65   98.45 
 6392357  20231205  98.52   94.72   100.00   98.65   98.45 
 6392357  20231204  98.52   94.72   100.00   98.65   98.45 
 6379103  20231129  98.52   94.61   100.00   98.51   98.45 
 6379103  20231127  98.52   94.61   100.00   98.51   98.45 
 6360478  20231120  98.52   94.54   100.00   92.97   98.20 
 6355994  20231113  98.52   94.57   100.00   93.11   98.20 
 6344085  20231106  98.50   89.63   100.00   86.35   91.56 
 6331386  20231030  98.50   89.59   100.00   85.68   91.56 
 6318472  20231023  98.50   89.56   100.00   85.54   91.55 
 6300915  20231016  98.50   89.63   100.00   86.08   91.56 
 6289725  20231011  98.50   89.61   100.00   85.41   91.55 
 6289725  20231011  98.50   89.61   100.00   85.41   91.55 
 6294164  20231009  100.00   100.00   100.00   100.00   100.00 
 6285697  20231003  100.00   100.00   100.00   100.00   100.00 
 6285697  20231003  100.00   100.00   100.00   100.00   100.00 
 6285697  20231003  100.00   100.00   100.00   100.00   100.00 
    20231002  99.99   96.79   100.00   100.00   100.00 
    20230925  99.99   96.79   100.00   100.00   100.00 
    20230920  99.99   96.79   100.00   100.00   100.00 
    20230920  100.00   100.00   100.00   100.00   100.00 
 6400224  20231218  100.00   99.96   94.44   100.00   99.97 
 6400224  20231211  100.00   99.96   94.44   100.00   99.97 
 6376585  20231204  100.00   99.96   94.44   100.00   99.97 
 6376585  20231127  100.00   99.96   94.44   100.00   99.97 
 6344821  20231120  100.00   99.96   94.44   100.00   99.97 
 6344821  20231113  100.00   99.96   94.44   100.00   99.97 
 6330702  20231106  99.93   97.60   86.11   92.36   92.83 
 6330702  20231030  99.93   97.60   86.11   92.36   92.83 
 6294058  20231023  100.00   99.96   94.44   100.00   99.96 
 6294058  20231016  100.00   99.96   94.44   100.00   99.96 
 6294058  20231009  100.00   99.96   94.44   100.00   99.96 
 6279718  20231002  99.93   97.60   86.11   92.36   92.83 
 6157776  20230717  100.00   99.96   100.00   100.00   99.96 
 6151103  20230710  100.00   99.96   100.00   100.00   99.96 
 6134775  20230703  100.00   99.96   100.00   100.00   99.96 
 6134775  20230626  100.00   99.96   100.00   100.00   99.96 
 6134775  20230626  100.00   99.96   100.00   100.00   99.96 
 6110226  20230619  100.00   99.96   100.00   100.00   99.96 
 6110226  20230619  100.00   99.96   100.00   100.00   99.96 
 6110226  20230619  100.00   99.96   100.00   100.00   99.96 
 6110226  20230619  100.00   99.96   100.00   100.00   99.96 
 6110226  20230619  100.00   99.96   100.00   100.00   99.96 
 6110226  20230612  100.00   99.96   100.00   100.00   99.96 
 6086277  20230607  100.00   99.96   100.00   100.00   99.96 
 6086277  20230605  100.00   99.96   100.00   100.00   99.96 
 6086277  20230602  100.00   99.96   100.00   100.00   99.96 
 6086277  20230529  100.00   99.96   100.00   100.00   99.96 
 6062080  20230522  100.00   99.96   100.00   100.00   99.96 
 6062080  20230515  100.00   99.96   100.00   100.00   99.96 
 6033889  20230508  100.00   99.96   100.00   100.00   99.96 
 6033889  20230501  100.00   99.96   100.00   100.00   99.96 
 5993608  20230424  100.00   99.96   100.00   100.00   99.96 
 5993608  20230417  100.00   99.96   100.00   100.00   99.96 
 5993608  20230410  100.00   99.96   100.00   100.00   99.96 
 5976735  20230403  100.00   99.96   100.00   100.00   99.96 
 5976735  20230327  100.00   99.96   100.00   100.00   99.96 
 5949553  20230320  100.00   99.96   100.00   100.00   99.96 
 5949553  20230313  100.00   99.96   100.00   100.00   99.96 
 5923131  20230306  100.00   99.96   100.00   100.00   99.96 
 5923131  20230227  100.00   99.96   100.00   100.00   99.96 
 5909852  20230220  100.00   99.96   100.00   100.00   99.96 
 5891278  20230213  100.00   99.96   100.00   99.87   99.96 
 5877749  20230206  100.00   99.96   100.00   99.87   99.96 
 5877749  20230130  100.00   99.96   100.00   99.87   99.96 
 5877749  20230130  99.93   97.60   91.18   91.04   92.79 
 5866370  20230123  100.00   99.96   100.00   99.87   99.96 
 5859128  20230116  100.00   99.96   100.00   99.87   99.96 
 5859128  20230116  99.93   97.60   91.18   90.51   92.76 
 5848225  20230109  100.00   99.96   97.14   100.00   99.95 
 5841930  20230102  99.99   99.18   88.57   99.47   96.11 
 5835898  20221226  99.93   97.60   88.57   89.86   92.75 
 5830848  20221220  100.00   99.96   94.44   100.00   99.94 
 5815705  20221219  99.93   97.38   86.11   88.41   92.69 
 5815705  20221212  100.00   99.74   94.44   98.68   99.93 
 5793291  20221207  99.93   96.72   86.11   85.11   92.54 
 5711309  20221024  64.51   42.38   86.96   58.99   32.70 
 5711309  20221017  64.51   42.38   86.96   58.99   32.70 
 5711309  20221010  64.51   42.38   86.96   58.99   32.70 
 5688144  20221003  64.19   41.13   86.96   60.38   31.05 
 5688144  20220926  64.19   41.13   86.96   60.38   31.05 
 5688144  20220921  64.19   41.13   86.96   60.38   31.05 
    20220912  98.66   84.30   82.54   75.87   91.94 
    20220905  96.68   76.52   68.96   73.27   91.75 
    20220831  96.68   76.52   68.96   73.27   91.75 
    20220830  96.68   76.52   68.96   73.27   91.75 
 6400224  20231218  100.00   99.96   94.44   100.00   99.97 
 6400224  20231211  100.00   99.96   94.44   100.00   99.97 
 6376585  20231204  100.00   99.96   94.44   100.00   99.97 
 6376585  20231127  100.00   99.96   94.44   100.00   99.97 
 6344821  20231120  100.00   99.96   94.44   100.00   99.97 
 6344821  20231113  100.00   99.96   94.44   100.00   99.97 
 6330702  20231106  99.93   97.60   86.11   92.36   92.83 
 6330702  20231030  99.93   97.60   86.11   92.36   92.83 
 6294058  20231023  100.00   99.96   94.44   100.00   99.96 
 6294058  20231016  100.00   99.96   94.44   100.00   99.96 
 6294058  20231009  100.00   99.96   94.44   100.00   99.96 
 6279718  20231002  99.93   97.60   86.11   92.36   92.83 
 6157776  20230717  100.00   99.96   100.00   100.00   99.96 
 6151103  20230710  100.00   99.96   100.00   100.00   99.96 
 6134775  20230703  100.00   99.96   100.00   100.00   99.96 
 6134775  20230626  100.00   99.96   100.00   100.00   99.96 
 6134775  20230626  100.00   99.96   100.00   100.00   99.96 
 6110226  20230619  100.00   99.96   100.00   100.00   99.96 
 6110226  20230619  100.00   99.96   100.00   100.00   99.96 
 6110226  20230619  100.00   99.96   100.00   100.00   99.96 
 6110226  20230619  100.00   99.96   100.00   100.00   99.96 
 6110226  20230619  100.00   99.96   100.00   100.00   99.96 
 6110226  20230612  100.00   99.96   100.00   100.00   99.96 
 6086277  20230607  100.00   99.96   100.00   100.00   99.96 
 6086277  20230605  100.00   99.96   100.00   100.00   99.96 
 6086277  20230602  100.00   99.96   100.00   100.00   99.96 
 6086277  20230529  100.00   99.96   100.00   100.00   99.96 
 6062080  20230522  100.00   99.96   100.00   100.00   99.96 
 6062080  20230515  100.00   99.96   100.00   100.00   99.96 
 6033889  20230508  100.00   99.96   100.00   100.00   99.96 
 6033889  20230501  100.00   99.96   100.00   100.00   99.96 
 5993608  20230424  100.00   99.96   100.00   100.00   99.96 
 5993608  20230417  100.00   99.96   100.00   100.00   99.96 
 5993608  20230410  100.00   99.96   100.00   100.00   99.96 
 5976735  20230403  100.00   99.96   100.00   100.00   99.96 
 5976735  20230327  100.00   99.96   100.00   100.00   99.96 
 5949553  20230320  100.00   99.96   100.00   100.00   99.96 
 5949553  20230313  100.00   99.96   100.00   100.00   99.96 
 5923131  20230306  100.00   99.96   100.00   100.00   99.96 
 5923131  20230227  100.00   99.96   100.00   100.00   99.96 
 5909852  20230220  100.00   99.96   100.00   100.00   99.96 
 5891278  20230213  100.00   99.96   100.00   99.87   99.96 
 5877749  20230206  100.00   99.96   100.00   99.87   99.96 
 5877749  20230130  100.00   99.96   100.00   99.87   99.96 
 5877749  20230130  99.93   97.60   91.18   91.04   92.79 
 5866370  20230123  100.00   99.96   100.00   99.87   99.96 
 5859128  20230116  100.00   99.96   100.00   99.87   99.96 
 5859128  20230116  99.93   97.60   91.18   90.51   92.76 
 5848225  20230109  100.00   99.96   97.14   100.00   99.95 
 5841930  20230102  99.99   99.18   88.57   99.47   96.11 
 5835898  20221226  99.93   97.60   88.57   89.86   92.75 
 5830848  20221220  100.00   99.96   94.44   100.00   99.94 
 5815705  20221219  99.93   97.38   86.11   88.41   92.69 
 5815705  20221212  100.00   99.74   94.44   98.68   99.93 
 5793291  20221207  99.93   96.72   86.11   85.11   92.54 
 5711309  20221024  64.51   42.38   86.96   58.99   32.70 
 5711309  20221017  64.51   42.38   86.96   58.99   32.70 
 5711309  20221010  64.51   42.38   86.96   58.99   32.70 
 5688144  20221003  64.19   41.13   86.96   60.38   31.05 
 5688144  20220926  64.19   41.13   86.96   60.38   31.05 
 5688144  20220921  64.19   41.13   86.96   60.38   31.05 
    20220912  98.66   84.30   82.54   75.87   91.94 
    20220905  96.68   76.52   68.96   73.27   91.75 
    20220831  96.68   76.52   68.96   73.27   91.75 
    20220830  96.68   76.52   68.96   73.27   91.75 
 6400224  20231218  100.00   99.96   94.44   100.00   99.97 
 6400224  20231211  100.00   99.96   94.44   100.00   99.97 
 6376585  20231204  100.00   99.96   94.44   100.00   99.97 
 6376585  20231127  100.00   99.96   94.44   100.00   99.97 
 6344821  20231120  100.00   99.96   94.44   100.00   99.97 
 6344821  20231113  100.00   99.96   94.44   100.00   99.97 
 6330702  20231106  99.93   97.60   86.11   92.36   92.83 
 6330702  20231030  99.93   97.60   86.11   92.36   92.83 
 6294058  20231023  100.00   99.96   94.44   100.00   99.96 
 6294058  20231016  100.00   99.96   94.44   100.00   99.96 
 6294058  20231009  100.00   99.96   94.44   100.00   99.96 
 6279718  20231002  99.93   97.60   86.11   92.36   92.83 
 6157776  20230717  100.00   99.96   100.00   100.00   99.96 
 6151103  20230710  100.00   99.96   100.00   100.00   99.96 
 6134775  20230703  100.00   99.96   100.00   100.00   99.96 
 6134775  20230626  100.00   99.96   100.00   100.00   99.96 
 6134775  20230626  100.00   99.96   100.00   100.00   99.96 
 6110226  20230619  100.00   99.96   100.00   100.00   99.96 
 6110226  20230619  100.00   99.96   100.00   100.00   99.96 
 6110226  20230619  100.00   99.96   100.00   100.00   99.96 
 6110226  20230619  100.00   99.96   100.00   100.00   99.96 
 6110226  20230619  100.00   99.96   100.00   100.00   99.96 
 6110226  20230612  100.00   99.96   100.00   100.00   99.96 
 6086277  20230607  100.00   99.96   100.00   100.00   99.96 
 6086277  20230605  100.00   99.96   100.00   100.00   99.96 
 6086277  20230602  100.00   99.96   100.00   100.00   99.96 
 6086277  20230529  100.00   99.96   100.00   100.00   99.96 
 6062080  20230522  100.00   99.96   100.00   100.00   99.96 
 6062080  20230515  100.00   99.96   100.00   100.00   99.96 
 6033889  20230508  100.00   99.96   100.00   100.00   99.96 
 6033889  20230501  100.00   99.96   100.00   100.00   99.96 
 5993608  20230424  100.00   99.96   100.00   100.00   99.96 
 5993608  20230417  100.00   99.96   100.00   100.00   99.96 
 5993608  20230410  100.00   99.96   100.00   100.00   99.96 
 5976735  20230403  100.00   99.96   100.00   100.00   99.96 
 5976735  20230327  100.00   99.96   100.00   100.00   99.96 
 5949553  20230320  100.00   99.96   100.00   100.00   99.96 
 5949553  20230313  100.00   99.96   100.00   100.00   99.96 
 5923131  20230306  100.00   99.96   100.00   100.00   99.96 
 5923131  20230227  100.00   99.96   100.00   100.00   99.96 
 5909852  20230220  100.00   99.96   100.00   100.00   99.96 
 5891278  20230213  100.00   99.96   100.00   99.87   99.96 
 5877749  20230206  100.00   99.96   100.00   99.87   99.96 
 5877749  20230130  100.00   99.96   100.00   99.87   99.96 
 5877749  20230130  99.93   97.60   91.18   91.04   92.79 
 5866370  20230123  100.00   99.96   100.00   99.87   99.96 
 5859128  20230116  100.00   99.96   100.00   99.87   99.96 
 5859128  20230116  99.93   97.60   91.18   90.51   92.76 
 5848225  20230109  100.00   99.96   97.14   100.00   99.95 
 5841930  20230102  99.99   99.18   88.57   99.47   96.11 
 5835898  20221226  99.93   97.60   88.57   89.86   92.75 
 5830848  20221220  100.00   99.96   94.44   100.00   99.94 
 5815705  20221219  99.93   97.38   86.11   88.41   92.69 
 5815705  20221212  100.00   99.74   94.44   98.68   99.93 
 5793291  20221207  99.93   96.72   86.11   85.11   92.54 
 5711309  20221024  64.51   42.38   86.96   58.99   32.70 
 5711309  20221017  64.51   42.38   86.96   58.99   32.70 
 5711309  20221010  64.51   42.38   86.96   58.99   32.70 
 5688144  20221003  64.19   41.13   86.96   60.38   31.05 
 5688144  20220926  64.19   41.13   86.96   60.38   31.05 
 5688144  20220921  64.19   41.13   86.96   60.38   31.05 
    20220912  98.66   84.30   82.54   75.87   91.94 
    20220905  96.68   76.52   68.96   73.27   91.75 
    20220831  96.68   76.52   68.96   73.27   91.75 
    20220830  96.68   76.52   68.96   73.27   91.75 
6400224  20231218  100.00   99.96   94.44   100.00   99.97
6400224  20231211  100.00   99.96   94.44   100.00   99.97
6376585  20231204  100.00   99.96   94.44   100.00   99.97
6376585  20231127  100.00   99.96   94.44   100.00   99.97
6344821  20231120  100.00   99.96   94.44   100.00   99.97
6344821  20231113  100.00   99.96   94.44   100.00   99.97
6330702  20231106  99.93   97.60   86.11   92.36   92.83
6330702  20231030  99.93   97.60   86.11   92.36   92.83
6294058  20231023  100.00   99.96   94.44   100.00   99.96
6294058  20231016  100.00   99.96   94.44   100.00   99.96
6294058  20231009  100.00   99.96   94.44   100.00   99.96
6279718  20231002  99.93   97.60   86.11   92.36   92.83
6157776  20230717  100.00   99.96   100.00   100.00   99.96
6151103  20230710  100.00   99.96   100.00   100.00   99.96
6134775  20230703  100.00   99.96   100.00   100.00   99.96
6134775  20230626  100.00   99.96   100.00   100.00   99.96
6134775  20230626  100.00   99.96   100.00   100.00   99.96
6110226  20230619  100.00   99.96   100.00   100.00   99.96
6110226  20230619  100.00   99.96   100.00   100.00   99.96
6110226  20230619  100.00   99.96   100.00   100.00   99.96
6110226  20230619  100.00   99.96   100.00   100.00   99.96
6110226  20230619  100.00   99.96   100.00   100.00   99.96
6110226  20230612  100.00   99.96   100.00   100.00   99.96
6086277  20230607  100.00   99.96   100.00   100.00   99.96
6086277  20230605  100.00   99.96   100.00   100.00   99.96
6086277  20230602  100.00   99.96   100.00   100.00   99.96
6086277  20230529  100.00   99.96   100.00   100.00   99.96
6062080  20230522  100.00   99.96   100.00   100.00   99.96
6062080  20230515  100.00   99.96   100.00   100.00   99.96
6033889  20230508  100.00   99.96   100.00   100.00   99.96
6033889  20230501  100.00   99.96   100.00   100.00   99.96
5993608  20230424  100.00   99.96   100.00   100.00   99.96
5993608  20230417  100.00   99.96   100.00   100.00   99.96
5993608  20230410  100.00   99.96   100.00   100.00   99.96
5976735  20230403  100.00   99.96   100.00   100.00   99.96
5976735  20230327  100.00   99.96   100.00   100.00   99.96
5949553  20230320  100.00   99.96   100.00   100.00   99.96
5949553  20230313  100.00   99.96   100.00   100.00   99.96
5923131  20230306  100.00   99.96   100.00   100.00   99.96
5923131  20230227  100.00   99.96   100.00   100.00   99.96
5909852  20230220  100.00   99.96   100.00   100.00   99.96
5891278  20230213  100.00   99.96   100.00   99.87   99.96
5877749  20230206  100.00   99.96   100.00   99.87   99.96
5877749  20230130  100.00   99.96   100.00   99.87   99.96
5877749  20230130  99.93   97.60   91.18   91.04   92.79
5866370  20230123  100.00   99.96   100.00   99.87   99.96
5859128  20230116  100.00   99.96   100.00   99.87   99.96
5859128  20230116  99.93   97.60   91.18   90.51   92.76
5848225  20230109  100.00   99.96   97.14   100.00   99.95
5841930  20230102  99.99   99.18   88.57   99.47   96.11
5835898  20221226  99.93   97.60   88.57   89.86   92.75
5830848  20221220  100.00   99.96   94.44   100.00   99.94
5815705  20221219  99.93   97.38   86.11   88.41   92.69
5815705  20221212  100.00   99.74   94.44   98.68   99.93
5793291  20221207  99.93   96.72   86.11   85.11   92.54
5711309  20221024  64.51   42.38   86.96   58.99   32.70
5711309  20221017  64.51   42.38   86.96   58.99   32.70
5711309  20221010  64.51   42.38   86.96   58.99   32.70
5688144  20221003  64.19   41.13   86.96   60.38   31.05
5688144  20220926  64.19   41.13   86.96   60.38   31.05
5688144  20220921  64.19   41.13   86.96   60.38   31.05
20220912  98.66   84.30   82.54   75.87   91.94
20220905  96.68   76.52   68.96   73.27   91.75
20220831  96.68   76.52   68.96   73.27   91.75
20220830  96.68   76.52   68.96   73.27   91.75
6419438  20240122  100.00   99.96   94.44   100.00   99.97
6419438  20240115  100.00   99.96   94.44   100.00   99.97
6419438  20240108  100.00   99.96   94.44   100.00   99.97
6419438  20240101  100.00   99.96   94.44   100.00   99.97
6419438  20231225  100.00   99.96   94.44   100.00   99.97
6400224  20231218  100.00   99.96   94.44   100.00   99.97
6400224  20231211  100.00   99.96   94.44   100.00   99.97
6376585  20231204  100.00   99.96   94.44   100.00   99.97
6376585  20231127  100.00   99.96   94.44   100.00   99.97
6344821  20231120  100.00   99.96   94.44   100.00   99.97
6344821  20231113  100.00   99.96   94.44   100.00   99.97
6330702  20231106  99.93   97.60   86.11   92.36   92.83
6330702  20231030  99.93   97.60   86.11   92.36   92.83
6294058  20231023  100.00   99.96   94.44   100.00   99.96
6294058  20231016  100.00   99.96   94.44   100.00   99.96
6294058  20231009  100.00   99.96   94.44   100.00   99.96
6279718  20231002  99.93   97.60   86.11   92.36   92.83
6157776  20230717  100.00   99.96   100.00   100.00   99.96
6151103  20230710  100.00   99.96   100.00   100.00   99.96
6134775  20230703  100.00   99.96   100.00   100.00   99.96
6134775  20230626  100.00   99.96   100.00   100.00   99.96
6134775  20230626  100.00   99.96   100.00   100.00   99.96
6110226  20230619  100.00   99.96   100.00   100.00   99.96
6110226  20230619  100.00   99.96   100.00   100.00   99.96
6110226  20230619  100.00   99.96   100.00   100.00   99.96
6110226  20230619  100.00   99.96   100.00   100.00   99.96
6110226  20230619  100.00   99.96   100.00   100.00   99.96
6110226  20230612  100.00   99.96   100.00   100.00   99.96
6086277  20230607  100.00   99.96   100.00   100.00   99.96
6086277  20230605  100.00   99.96   100.00   100.00   99.96
6086277  20230602  100.00   99.96   100.00   100.00   99.96
6086277  20230529  100.00   99.96   100.00   100.00   99.96
6062080  20230522  100.00   99.96   100.00   100.00   99.96
6062080  20230515  100.00   99.96   100.00   100.00   99.96
6033889  20230508  100.00   99.96   100.00   100.00   99.96
6033889  20230501  100.00   99.96   100.00   100.00   99.96
5993608  20230424  100.00   99.96   100.00   100.00   99.96
5993608  20230417  100.00   99.96   100.00   100.00   99.96
5993608  20230410  100.00   99.96   100.00   100.00   99.96
5976735  20230403  100.00   99.96   100.00   100.00   99.96
5976735  20230327  100.00   99.96   100.00   100.00   99.96
5949553  20230320  100.00   99.96   100.00   100.00   99.96
5949553  20230313  100.00   99.96   100.00   100.00   99.96
5923131  20230306  100.00   99.96   100.00   100.00   99.96
5923131  20230227  100.00   99.96   100.00   100.00   99.96
5909852  20230220  100.00   99.96   100.00   100.00   99.96
5891278  20230213  100.00   99.96   100.00   99.87   99.96
5877749  20230206  100.00   99.96   100.00   99.87   99.96
5877749  20230130  100.00   99.96   100.00   99.87   99.96
5877749  20230130  99.93   97.60   91.18   91.04   92.79
5866370  20230123  100.00   99.96   100.00   99.87   99.96
5859128  20230116  100.00   99.96   100.00   99.87   99.96
5859128  20230116  99.93   97.60   91.18   90.51   92.76
5848225  20230109  100.00   99.96   97.14   100.00   99.95
5841930  20230102  99.99   99.18   88.57   99.47   96.11
5835898  20221226  99.93   97.60   88.57   89.86   92.75
5830848  20221220  100.00   99.96   94.44   100.00   99.94
5815705  20221219  99.93   97.38   86.11   88.41   92.69
5815705  20221212  100.00   99.74   94.44   98.68   99.93
5793291  20221207  99.93   96.72   86.11   85.11   92.54
5711309  20221024  64.51   42.38   86.96   58.99   32.70
5711309  20221017  64.51   42.38   86.96   58.99   32.70
5711309  20221010  64.51   42.38   86.96   58.99   32.70
5688144  20221003  64.19   41.13   86.96   60.38   31.05
5688144  20220926  64.19   41.13   86.96   60.38   31.05
5688144  20220921  64.19   41.13   86.96   60.38   31.05
20220912  98.66   84.30   82.54   75.87   91.94
20220905  96.68   76.52   68.96   73.27   91.75
20220831  96.68   76.52   68.96   73.27   91.75
20220830  96.68   76.52   68.96   73.27   91.75
6419438  20240219  100.00   99.96   94.44   100.00   99.97
6419438  20240122  100.00   99.96   94.44   100.00   99.97
6419438  20240115  100.00   99.96   94.44   100.00   99.97
6419438  20240108  100.00   99.96   94.44   100.00   99.97
6419438  20240101  100.00   99.96   94.44   100.00   99.97
6419438  20231225  100.00   99.96   94.44   100.00   99.97
6400224  20231218  100.00   99.96   94.44   100.00   99.97
6400224  20231211  100.00   99.96   94.44   100.00   99.97
6376585  20231204  100.00   99.96   94.44   100.00   99.97
6376585  20231127  100.00   99.96   94.44   100.00   99.97
6344821  20231120  100.00   99.96   94.44   100.00   99.97
6344821  20231113  100.00   99.96   94.44   100.00   99.97
6330702  20231106  99.93   97.60   86.11   92.36   92.83
6330702  20231030  99.93   97.60   86.11   92.36   92.83
6294058  20231023  100.00   99.96   94.44   100.00   99.96
6294058  20231016  100.00   99.96   94.44   100.00   99.96
6294058  20231009  100.00   99.96   94.44   100.00   99.96
6279718  20231002  99.93   97.60   86.11   92.36   92.83
6157776  20230717  100.00   99.96   100.00   100.00   99.96
6151103  20230710  100.00   99.96   100.00   100.00   99.96
6134775  20230703  100.00   99.96   100.00   100.00   99.96
6134775  20230626  100.00   99.96   100.00   100.00   99.96
6134775  20230626  100.00   99.96   100.00   100.00   99.96
6110226  20230619  100.00   99.96   100.00   100.00   99.96
6110226  20230619  100.00   99.96   100.00   100.00   99.96
6110226  20230619  100.00   99.96   100.00   100.00   99.96
6110226  20230619  100.00   99.96   100.00   100.00   99.96
6110226  20230619  100.00   99.96   100.00   100.00   99.96
6110226  20230612  100.00   99.96   100.00   100.00   99.96
6086277  20230607  100.00   99.96   100.00   100.00   99.96
6086277  20230605  100.00   99.96   100.00   100.00   99.96
6086277  20230602  100.00   99.96   100.00   100.00   99.96
6086277  20230529  100.00   99.96   100.00   100.00   99.96
6062080  20230522  100.00   99.96   100.00   100.00   99.96
6062080  20230515  100.00   99.96   100.00   100.00   99.96
6033889  20230508  100.00   99.96   100.00   100.00   99.96
6033889  20230501  100.00   99.96   100.00   100.00   99.96
5993608  20230424  100.00   99.96   100.00   100.00   99.96
5993608  20230417  100.00   99.96   100.00   100.00   99.96
5993608  20230410  100.00   99.96   100.00   100.00   99.96
5976735  20230403  100.00   99.96   100.00   100.00   99.96
5976735  20230327  100.00   99.96   100.00   100.00   99.96
5949553  20230320  100.00   99.96   100.00   100.00   99.96
5949553  20230313  100.00   99.96   100.00   100.00   99.96
5923131  20230306  100.00   99.96   100.00   100.00   99.96
5923131  20230227  100.00   99.96   100.00   100.00   99.96
5909852  20230220  100.00   99.96   100.00   100.00   99.96
5891278  20230213  100.00   99.96   100.00   99.87   99.96
5877749  20230206  100.00   99.96   100.00   99.87   99.96
5877749  20230130  100.00   99.96   100.00   99.87   99.96
5877749  20230130  99.93   97.60   91.18   91.04   92.79
5866370  20230123  100.00   99.96   100.00   99.87   99.96
5859128  20230116  100.00   99.96   100.00   99.87   99.96
5859128  20230116  99.93   97.60   91.18   90.51   92.76
5848225  20230109  100.00   99.96   97.14   100.00   99.95
5841930  20230102  99.99   99.18   88.57   99.47   96.11
5835898  20221226  99.93   97.60   88.57   89.86   92.75
5830848  20221220  100.00   99.96   94.44   100.00   99.94
5815705  20221219  99.93   97.38   86.11   88.41   92.69
5815705  20221212  100.00   99.74   94.44   98.68   99.93
5793291  20221207  99.93   96.72   86.11   85.11   92.54
5711309  20221024  64.51   42.38   86.96   58.99   32.70
5711309  20221017  64.51   42.38   86.96   58.99   32.70
5711309  20221010  64.51   42.38   86.96   58.99   32.70
5688144  20221003  64.19   41.13   86.96   60.38   31.05
5688144  20220926  64.19   41.13   86.96   60.38   31.05
5688144  20220921  64.19   41.13   86.96   60.38   31.05
20220912  98.66   84.30   82.54   75.87   91.94
20220905  96.68   76.52   68.96   73.27   91.75
20220831  96.68   76.52   68.96   73.27   91.75
20220830  96.68   76.52   68.96   73.27   91.75
6419438  20240219  100.00   99.96   94.44   100.00   99.97
6419438  20240122  100.00   99.96   94.44   100.00   99.97
6419438  20240115  100.00   99.96   94.44   100.00   99.97
6419438  20240108  100.00   99.96   94.44   100.00   99.97
6419438  20240101  100.00   99.96   94.44   100.00   99.97
6419438  20231225  100.00   99.96   94.44   100.00   99.97
6400224  20231218  100.00   99.96   94.44   100.00   99.97
6400224  20231211  100.00   99.96   94.44   100.00   99.97
6376585  20231204  100.00   99.96   94.44   100.00   99.97
6376585  20231127  100.00   99.96   94.44   100.00   99.97
6344821  20231120  100.00   99.96   94.44   100.00   99.97
6344821  20231113  100.00   99.96   94.44   100.00   99.97
6330702  20231106  99.93   97.60   86.11   92.36   92.83
6330702  20231030  99.93   97.60   86.11   92.36   92.83
6294058  20231023  100.00   99.96   94.44   100.00   99.96
6294058  20231016  100.00   99.96   94.44   100.00   99.96
6294058  20231009  100.00   99.96   94.44   100.00   99.96
6279718  20231002  99.93   97.60   86.11   92.36   92.83
6157776  20230717  100.00   99.96   100.00   100.00   99.96
6151103  20230710  100.00   99.96   100.00   100.00   99.96
6134775  20230703  100.00   99.96   100.00   100.00   99.96
6134775  20230626  100.00   99.96   100.00   100.00   99.96
6134775  20230626  100.00   99.96   100.00   100.00   99.96
6110226  20230619  100.00   99.96   100.00   100.00   99.96
6110226  20230619  100.00   99.96   100.00   100.00   99.96
6110226  20230619  100.00   99.96   100.00   100.00   99.96
6110226  20230619  100.00   99.96   100.00   100.00   99.96
6110226  20230619  100.00   99.96   100.00   100.00   99.96
6110226  20230612  100.00   99.96   100.00   100.00   99.96
6086277  20230607  100.00   99.96   100.00   100.00   99.96
6086277  20230605  100.00   99.96   100.00   100.00   99.96
6086277  20230602  100.00   99.96   100.00   100.00   99.96
6086277  20230529  100.00   99.96   100.00   100.00   99.96
6062080  20230522  100.00   99.96   100.00   100.00   99.96
6062080  20230515  100.00   99.96   100.00   100.00   99.96
6033889  20230508  100.00   99.96   100.00   100.00   99.96
6033889  20230501  100.00   99.96   100.00   100.00   99.96
5993608  20230424  100.00   99.96   100.00   100.00   99.96
5993608  20230417  100.00   99.96   100.00   100.00   99.96
5993608  20230410  100.00   99.96   100.00   100.00   99.96
5976735  20230403  100.00   99.96   100.00   100.00   99.96
5976735  20230327  100.00   99.96   100.00   100.00   99.96
5949553  20230320  100.00   99.96   100.00   100.00   99.96
5949553  20230313  100.00   99.96   100.00   100.00   99.96
5923131  20230306  100.00   99.96   100.00   100.00   99.96
5923131  20230227  100.00   99.96   100.00   100.00   99.96
5909852  20230220  100.00   99.96   100.00   100.00   99.96
5891278  20230213  100.00   99.96   100.00   99.87   99.96
5877749  20230206  100.00   99.96   100.00   99.87   99.96
5877749  20230130  100.00   99.96   100.00   99.87   99.96
5877749  20230130  99.93   97.60   91.18   91.04   92.79
5866370  20230123  100.00   99.96   100.00   99.87   99.96
5859128  20230116  100.00   99.96   100.00   99.87   99.96
5859128  20230116  99.93   97.60   91.18   90.51   92.76
5848225  20230109  100.00   99.96   97.14   100.00   99.95
5841930  20230102  99.99   99.18   88.57   99.47   96.11
5835898  20221226  99.93   97.60   88.57   89.86   92.75
5830848  20221220  100.00   99.96   94.44   100.00   99.94
5815705  20221219  99.93   97.38   86.11   88.41   92.69
5815705  20221212  100.00   99.74   94.44   98.68   99.93
5793291  20221207  99.93   96.72   86.11   85.11   92.54
5711309  20221024  64.51   42.38   86.96   58.99   32.70
5711309  20221017  64.51   42.38   86.96   58.99   32.70
5711309  20221010  64.51   42.38   86.96   58.99   32.70
5688144  20221003  64.19   41.13   86.96   60.38   31.05
5688144  20220926  64.19   41.13   86.96   60.38   31.05
5688144  20220921  64.19   41.13   86.96   60.38   31.05
20220912  98.66   84.30   82.54   75.87   91.94
20220905  96.68   76.52   68.96   73.27   91.75
20220831  96.68   76.52   68.96   73.27   91.75
20220830  96.68   76.52   68.96   73.27   91.75
