 6418484  20231218  98.65 
 6403531  20231213  98.65 
 6403531  20231213  98.65 
 6392357  20231211  98.65 
 6392357  20231205  98.65 
 6392357  20231204  98.65 
 6379103  20231129  98.51 
 6379103  20231127  98.51 
 6360478  20231120  92.97 
 6355994  20231113  93.11 
 6344085  20231106  86.35 
 6331386  20231030  85.68 
 6318472  20231023  85.54 
 6300915  20231016  86.08 
 6289725  20231011  85.41 
 6289725  20231011  85.41 
 6294164  20231009  100.00 
 6285697  20231003  100.00 
 6285697  20231003  100.00 
 6285697  20231003  100.00 
    20231002  100.00 
    20230925  100.00 
    20230920  100.00 
    20230920  100.00 
 6418484  20231218  98.65 
 6403531  20231213  98.65 
 6403531  20231213  98.65 
 6392357  20231211  98.65 
 6392357  20231205  98.65 
 6392357  20231204  98.65 
 6379103  20231129  98.51 
 6379103  20231127  98.51 
 6360478  20231120  92.97 
 6355994  20231113  93.11 
 6344085  20231106  86.35 
 6331386  20231030  85.68 
 6318472  20231023  85.54 
 6300915  20231016  86.08 
 6289725  20231011  85.41 
 6289725  20231011  85.41 
 6294164  20231009  100.00 
 6285697  20231003  100.00 
 6285697  20231003  100.00 
 6285697  20231003  100.00 
    20231002  100.00 
    20230925  100.00 
    20230920  100.00 
    20230920  100.00 
 6418484  20231218  98.65 
 6403531  20231213  98.65 
 6403531  20231213  98.65 
 6392357  20231211  98.65 
 6392357  20231205  98.65 
 6392357  20231204  98.65 
 6379103  20231129  98.51 
 6379103  20231127  98.51 
 6360478  20231120  92.97 
 6355994  20231113  93.11 
 6344085  20231106  86.35 
 6331386  20231030  85.68 
 6318472  20231023  85.54 
 6300915  20231016  86.08 
 6289725  20231011  85.41 
 6289725  20231011  85.41 
 6294164  20231009  100.00 
 6285697  20231003  100.00 
 6285697  20231003  100.00 
 6285697  20231003  100.00 
    20231002  100.00 
    20230925  100.00 
    20230920  100.00 
    20230920  100.00 
 6518310  20240219  100.00 
 6507817  20240212  100.00 
 6511558  20240212  100.00 
 6482338  20240206  98.78 
 6482338  20240205  98.78 
 6482338  20240129  98.78 
 6466934  20240122  98.78 
 6454309  20240115  98.78 
 6443033  20240108  98.65 
 6434969  20240101  98.65 
 6418484  20231225  98.65 
 6418484  20231218  98.65 
 6403531  20231213  98.65 
 6403531  20231213  98.65 
 6392357  20231211  98.65 
 6392357  20231205  98.65 
 6392357  20231204  98.65 
 6379103  20231129  98.51 
 6379103  20231127  98.51 
 6360478  20231120  92.97 
 6355994  20231113  93.11 
 6344085  20231106  86.35 
 6331386  20231030  85.68 
 6318472  20231023  85.54 
 6300915  20231016  86.08 
 6289725  20231011  85.41 
 6289725  20231011  85.41 
 6294164  20231009  100.00 
 6285697  20231003  100.00 
 6285697  20231003  100.00 
 6285697  20231003  100.00 
    20231002  100.00 
    20230925  100.00 
    20230920  100.00 
    20230920  100.00 
