 6418484  20231218  94.80 
 6403531  20231213  94.80 
 6403531  20231213  94.80 
 6392357  20231211  94.72 
 6392357  20231205  94.72 
 6392357  20231204  94.72 
 6379103  20231129  94.61 
 6379103  20231127  94.61 
 6360478  20231120  94.54 
 6355994  20231113  94.57 
 6344085  20231106  89.63 
 6331386  20231030  89.59 
 6318472  20231023  89.56 
 6300915  20231016  89.63 
 6289725  20231011  89.61 
 6289725  20231011  89.61 
 6294164  20231009  100.00 
 6285697  20231003  100.00 
 6285697  20231003  100.00 
 6285697  20231003  100.00 
    20231002  96.79 
    20230925  96.79 
    20230920  96.79 
    20230920  100.00 
 6418484  20231218  94.80 
 6403531  20231213  94.80 
 6403531  20231213  94.80 
 6392357  20231211  94.72 
 6392357  20231205  94.72 
 6392357  20231204  94.72 
 6379103  20231129  94.61 
 6379103  20231127  94.61 
 6360478  20231120  94.54 
 6355994  20231113  94.57 
 6344085  20231106  89.63 
 6331386  20231030  89.59 
 6318472  20231023  89.56 
 6300915  20231016  89.63 
 6289725  20231011  89.61 
 6289725  20231011  89.61 
 6294164  20231009  100.00 
 6285697  20231003  100.00 
 6285697  20231003  100.00 
 6285697  20231003  100.00 
    20231002  96.79 
    20230925  96.79 
    20230920  96.79 
    20230920  100.00 
 6418484  20231218  94.80 
 6403531  20231213  94.80 
 6403531  20231213  94.80 
 6392357  20231211  94.72 
 6392357  20231205  94.72 
 6392357  20231204  94.72 
 6379103  20231129  94.61 
 6379103  20231127  94.61 
 6360478  20231120  94.54 
 6355994  20231113  94.57 
 6344085  20231106  89.63 
 6331386  20231030  89.59 
 6318472  20231023  89.56 
 6300915  20231016  89.63 
 6289725  20231011  89.61 
 6289725  20231011  89.61 
 6294164  20231009  100.00 
 6285697  20231003  100.00 
 6285697  20231003  100.00 
 6285697  20231003  100.00 
    20231002  96.79 
    20230925  96.79 
    20230920  96.79 
    20230920  100.00 
 6518310  20240219  95.46 
 6507817  20240212  95.48 
 6511558  20240212  100.00 
 6482338  20240206  95.38 
 6482338  20240205  95.38 
 6482338  20240129  95.38 
 6466934  20240122  94.96 
 6454309  20240115  94.96 
 6443033  20240108  94.91 
 6434969  20240101  94.91 
 6418484  20231225  94.80 
 6418484  20231218  94.80 
 6403531  20231213  94.80 
 6403531  20231213  94.80 
 6392357  20231211  94.72 
 6392357  20231205  94.72 
 6392357  20231204  94.72 
 6379103  20231129  94.61 
 6379103  20231127  94.61 
 6360478  20231120  94.54 
 6355994  20231113  94.57 
 6344085  20231106  89.63 
 6331386  20231030  89.59 
 6318472  20231023  89.56 
 6300915  20231016  89.63 
 6289725  20231011  89.61 
 6289725  20231011  89.61 
 6294164  20231009  100.00 
 6285697  20231003  100.00 
 6285697  20231003  100.00 
 6285697  20231003  100.00 
    20231002  96.79 
    20230925  96.79 
    20230920  96.79 
    20230920  100.00 
