 6418484  20231218  100.00 
 6403531  20231213  100.00 
 6403531  20231213  100.00 
 6392357  20231211  100.00 
 6392357  20231205  100.00 
 6392357  20231204  100.00 
 6379103  20231129  100.00 
 6379103  20231127  100.00 
 6360478  20231120  100.00 
 6355994  20231113  100.00 
 6344085  20231106  100.00 
 6331386  20231030  100.00 
 6318472  20231023  100.00 
 6300915  20231016  100.00 
 6289725  20231011  100.00 
 6289725  20231011  100.00 
 6294164  20231009  100.00 
 6285697  20231003  100.00 
 6285697  20231003  100.00 
 6285697  20231003  100.00 
    20231002  100.00 
    20230925  100.00 
    20230920  100.00 
    20230920  100.00 
 6418484  20231218  100.00 
 6403531  20231213  100.00 
 6403531  20231213  100.00 
 6392357  20231211  100.00 
 6392357  20231205  100.00 
 6392357  20231204  100.00 
 6379103  20231129  100.00 
 6379103  20231127  100.00 
 6360478  20231120  100.00 
 6355994  20231113  100.00 
 6344085  20231106  100.00 
 6331386  20231030  100.00 
 6318472  20231023  100.00 
 6300915  20231016  100.00 
 6289725  20231011  100.00 
 6289725  20231011  100.00 
 6294164  20231009  100.00 
 6285697  20231003  100.00 
 6285697  20231003  100.00 
 6285697  20231003  100.00 
    20231002  100.00 
    20230925  100.00 
    20230920  100.00 
    20230920  100.00 
 6418484  20231218  100.00 
 6403531  20231213  100.00 
 6403531  20231213  100.00 
 6392357  20231211  100.00 
 6392357  20231205  100.00 
 6392357  20231204  100.00 
 6379103  20231129  100.00 
 6379103  20231127  100.00 
 6360478  20231120  100.00 
 6355994  20231113  100.00 
 6344085  20231106  100.00 
 6331386  20231030  100.00 
 6318472  20231023  100.00 
 6300915  20231016  100.00 
 6289725  20231011  100.00 
 6289725  20231011  100.00 
 6294164  20231009  100.00 
 6285697  20231003  100.00 
 6285697  20231003  100.00 
 6285697  20231003  100.00 
    20231002  100.00 
    20230925  100.00 
    20230920  100.00 
    20230920  100.00 
 6518310  20240219  100.00 
 6507817  20240212  100.00 
 6511558  20240212  100.00 
 6482338  20240206  100.00 
 6482338  20240205  100.00 
 6482338  20240129  100.00 
 6466934  20240122  100.00 
 6454309  20240115  100.00 
 6443033  20240108  100.00 
 6434969  20240101  100.00 
 6418484  20231225  100.00 
 6418484  20231218  100.00 
 6403531  20231213  100.00 
 6403531  20231213  100.00 
 6392357  20231211  100.00 
 6392357  20231205  100.00 
 6392357  20231204  100.00 
 6379103  20231129  100.00 
 6379103  20231127  100.00 
 6360478  20231120  100.00 
 6355994  20231113  100.00 
 6344085  20231106  100.00 
 6331386  20231030  100.00 
 6318472  20231023  100.00 
 6300915  20231016  100.00 
 6289725  20231011  100.00 
 6289725  20231011  100.00 
 6294164  20231009  100.00 
 6285697  20231003  100.00 
 6285697  20231003  100.00 
 6285697  20231003  100.00 
    20231002  100.00 
    20230925  100.00 
    20230920  100.00 
    20230920  100.00 
