 6418484  20231218  99.65 
 6403531  20231213  99.65 
 6403531  20231213  99.65 
 6392357  20231211  98.45 
 6392357  20231205  98.45 
 6392357  20231204  98.45 
 6379103  20231129  98.45 
 6379103  20231127  98.45 
 6360478  20231120  98.20 
 6355994  20231113  98.20 
 6344085  20231106  91.56 
 6331386  20231030  91.56 
 6318472  20231023  91.55 
 6300915  20231016  91.56 
 6289725  20231011  91.55 
 6289725  20231011  91.55 
 6294164  20231009  100.00 
 6285697  20231003  100.00 
 6285697  20231003  100.00 
 6285697  20231003  100.00 
    20231002  100.00 
    20230925  100.00 
    20230920  100.00 
    20230920  100.00 
 6418484  20231218  99.65 
 6403531  20231213  99.65 
 6403531  20231213  99.65 
 6392357  20231211  98.45 
 6392357  20231205  98.45 
 6392357  20231204  98.45 
 6379103  20231129  98.45 
 6379103  20231127  98.45 
 6360478  20231120  98.20 
 6355994  20231113  98.20 
 6344085  20231106  91.56 
 6331386  20231030  91.56 
 6318472  20231023  91.55 
 6300915  20231016  91.56 
 6289725  20231011  91.55 
 6289725  20231011  91.55 
 6294164  20231009  100.00 
 6285697  20231003  100.00 
 6285697  20231003  100.00 
 6285697  20231003  100.00 
    20231002  100.00 
    20230925  100.00 
    20230920  100.00 
    20230920  100.00 
 6418484  20231218  99.65 
 6403531  20231213  99.65 
 6403531  20231213  99.65 
 6392357  20231211  98.45 
 6392357  20231205  98.45 
 6392357  20231204  98.45 
 6379103  20231129  98.45 
 6379103  20231127  98.45 
 6360478  20231120  98.20 
 6355994  20231113  98.20 
 6344085  20231106  91.56 
 6331386  20231030  91.56 
 6318472  20231023  91.55 
 6300915  20231016  91.56 
 6289725  20231011  91.55 
 6289725  20231011  91.55 
 6294164  20231009  100.00 
 6285697  20231003  100.00 
 6285697  20231003  100.00 
 6285697  20231003  100.00 
    20231002  100.00 
    20230925  100.00 
    20230920  100.00 
    20230920  100.00 
 6518310  20240219  99.65 
 6507817  20240212  99.65 
 6511558  20240212  100.00 
 6482338  20240206  99.65 
 6482338  20240205  99.65 
 6482338  20240129  99.65 
 6466934  20240122  99.65 
 6454309  20240115  99.65 
 6443033  20240108  99.65 
 6434969  20240101  99.65 
 6418484  20231225  99.65 
 6418484  20231218  99.65 
 6403531  20231213  99.65 
 6403531  20231213  99.65 
 6392357  20231211  98.45 
 6392357  20231205  98.45 
 6392357  20231204  98.45 
 6379103  20231129  98.45 
 6379103  20231127  98.45 
 6360478  20231120  98.20 
 6355994  20231113  98.20 
 6344085  20231106  91.56 
 6331386  20231030  91.56 
 6318472  20231023  91.55 
 6300915  20231016  91.56 
 6289725  20231011  91.55 
 6289725  20231011  91.55 
 6294164  20231009  100.00 
 6285697  20231003  100.00 
 6285697  20231003  100.00 
 6285697  20231003  100.00 
    20231002  100.00 
    20230925  100.00 
    20230920  100.00 
    20230920  100.00 
