 6418484  20231218  98.67 
 6403531  20231213  98.67 
 6403531  20231213  98.67 
 6392357  20231211  98.52 
 6392357  20231205  98.52 
 6392357  20231204  98.52 
 6379103  20231129  98.52 
 6379103  20231127  98.52 
 6360478  20231120  98.52 
 6355994  20231113  98.52 
 6344085  20231106  98.50 
 6331386  20231030  98.50 
 6318472  20231023  98.50 
 6300915  20231016  98.50 
 6289725  20231011  98.50 
 6289725  20231011  98.50 
 6294164  20231009  100.00 
 6285697  20231003  100.00 
 6285697  20231003  100.00 
 6285697  20231003  100.00 
    20231002  99.99 
    20230925  99.99 
    20230920  99.99 
    20230920  100.00 
 6418484  20231218  98.67 
 6403531  20231213  98.67 
 6403531  20231213  98.67 
 6392357  20231211  98.52 
 6392357  20231205  98.52 
 6392357  20231204  98.52 
 6379103  20231129  98.52 
 6379103  20231127  98.52 
 6360478  20231120  98.52 
 6355994  20231113  98.52 
 6344085  20231106  98.50 
 6331386  20231030  98.50 
 6318472  20231023  98.50 
 6300915  20231016  98.50 
 6289725  20231011  98.50 
 6289725  20231011  98.50 
 6294164  20231009  100.00 
 6285697  20231003  100.00 
 6285697  20231003  100.00 
 6285697  20231003  100.00 
    20231002  99.99 
    20230925  99.99 
    20230920  99.99 
    20230920  100.00 
 6418484  20231218  98.67 
 6403531  20231213  98.67 
 6403531  20231213  98.67 
 6392357  20231211  98.52 
 6392357  20231205  98.52 
 6392357  20231204  98.52 
 6379103  20231129  98.52 
 6379103  20231127  98.52 
 6360478  20231120  98.52 
 6355994  20231113  98.52 
 6344085  20231106  98.50 
 6331386  20231030  98.50 
 6318472  20231023  98.50 
 6300915  20231016  98.50 
 6289725  20231011  98.50 
 6289725  20231011  98.50 
 6294164  20231009  100.00 
 6285697  20231003  100.00 
 6285697  20231003  100.00 
 6285697  20231003  100.00 
    20231002  99.99 
    20230925  99.99 
    20230920  99.99 
    20230920  100.00 
 6518310  20240219  99.08 
 6507817  20240212  99.08 
 6511558  20240212  99.68 
 6482338  20240206  99.01 
 6482338  20240205  99.01 
 6482338  20240129  99.01 
 6466934  20240122  98.67 
 6454309  20240115  98.67 
 6443033  20240108  98.67 
 6434969  20240101  98.67 
 6418484  20231225  98.67 
 6418484  20231218  98.67 
 6403531  20231213  98.67 
 6403531  20231213  98.67 
 6392357  20231211  98.52 
 6392357  20231205  98.52 
 6392357  20231204  98.52 
 6379103  20231129  98.52 
 6379103  20231127  98.52 
 6360478  20231120  98.52 
 6355994  20231113  98.52 
 6344085  20231106  98.50 
 6331386  20231030  98.50 
 6318472  20231023  98.50 
 6300915  20231016  98.50 
 6289725  20231011  98.50 
 6289725  20231011  98.50 
 6294164  20231009  100.00 
 6285697  20231003  100.00 
 6285697  20231003  100.00 
 6285697  20231003  100.00 
    20231002  99.99 
    20230925  99.99 
    20230920  99.99 
    20230920  100.00 
